7_9_08 7, 15, 3, 11, 8, 16, 4
2_14_22 11, 3
7_6_12 8, 16, 4, 12, 5, 13, 1
4_30_00 4,12, 16, 8
6_4_00 1, 9, 13, 5, 14, 6
2_10_22 10, 2
5_5_00 2, 10, 14, 6, 3
7_29_14 11, 3, 7, 15, 8, 16, 4
6_27_04 5, 13, 1, 9, 6, 14
4_15_06 7, 15, 3, 11
8_18_18 10, 2, 6, 14, 11, 3, 7, 15
4_27_08 7, 15, 3, 11
7_18_00 1, 9, 13, 5, 14, 6, 10
6_26_20 13, 5, 9, 1, 10, 2
6_8_08 6, 14, 2, 10, 3, 11
5_2_10 6, 14, 2, 10, 3
4_6_12 8, 16, 4, 12
1_10_16 7
7_11_02 4, 12, 16, 8, 13, 5, 9
6_3_08 5, 13, 1, 9, 6, 14
2_31_16 12, 4
5_31_06 7, 15, 3, 11, 12
1_4_00 5
8_28_22 14, 6, 10, 2, 15, 7, 11, 3
8_16_16 12, 4, 8, 16, 9, 1, 5, 13
5_21_10 7, 15, 3, 11, 8
7_23_10 7, 15, 3, 11, 16, 8, 12
8_9_14 10, 2, 6, 14, 11, 3, 7, 15
2_28_16 7, 15
8_26_08 7, 15, 3, 11, 8, 16, 4, 12
6_19_04 3, 11, 15, 7, 4, 12
8_27_04 5, 13, 1, 9, 6, 14, 2, 10
6_14_08 8, 16, 4, 12, 1, 9
7_19_14 8, 16, 4, 12, 1, 9, 13
5_29_10 9, 1, 5, 13, 6
4_15_00 4,12, 16, 8
3_23_16 10, 2, 14
2_28_08 3, 11
4_13_04 6, 14, 2, 10
8_3_16 9, 1, 5, 13, 10, 2, 6, 14
3_26_14 6, 14, 2
7_2_10 6, 14, 2, 10, 3, 11, 15
8_12_18 12, 4, 8, 16, 13, 5, 9, 1
2_20_14 4, 12
7_12_22 14, 6, 10, 2, 3, 11, 15
2_17_20 11, 3
1_16_18 1
7_7_04 4, 12, 16, 8, 13, 5, 9
6_12_22 14, 6, 10, 2, 11, 3
5_7_02 3, 11, 15, 7, 12
7_3_02 2, 10, 14, 6, 11, 3, 7
2_5_02 3, 11
6_4_16 9, 1, 5, 13, 6, 14
5_23_16 10, 2, 6, 14, 3
8_1_10 6, 14, 2, 10, 7, 15, 3, 11
6_20_08 5, 13, 1, 9, 2, 10
4_15_14 11, 3, 7, 15
5_30_10 9, 1, 5, 13, 2
2_18_14 4, 12
7_28_04 5, 13, 1, 9, 10, 2, 6
7_18_22 12, 4, 8, 16, 9, 1, 5
7_31_10 9, 1, 5, 13, 14, 6, 10
1_22_22 9
6_26_12 9, 1, 5, 13, 6, 14
1_18_02 14
4_15_20 14, 6, 10, 2
8_21_18 11, 3, 7, 15, 12, 4, 8, 16
2_15_22 15, 7
6_5_06 5, 13, 1, 9, 6, 14
4_15_02 5, 13, 1, 9
1_27_06 14
1_19_18 2
3_15_02 5, 13, 9
8_2_14 8, 16, 4, 12, 9, 1, 5, 13
1_25_14 10
3_20_00 13, 5, 1
7_30_00 4, 12, 16, 8, 13, 5, 9
2_18_06 16, 8
1_26_02 16
1_15_22 7
2_15_14 11, 3
4_19_10 6, 14, 2, 10
4_20_22 12, 4, 8, 16
5_14_08 8, 16, 4, 12, 1
5_3_12 7, 15, 3, 11, 16
5_27_02 4, 12, 16, 8, 13
5_22_08 6, 14, 2, 10, 3
3_29_16 12, 4, 8
7_26_12 9, 1, 5, 13, 6, 14, 2
6_20_10 6, 14, 2, 10, 3, 11
2_27_08 7, 15
5_14_04 6, 14, 2, 10, 15
5_15_00 4, 12, 16, 8, 9
1_7_22 5
7_31_04 6, 14, 2, 10, 11, 3, 7
5_14_22 15, 7, 11, 3, 8
2_18_18 6, 14
3_30_04 2, 10, 14
5_19_04 3, 11, 15, 7, 12
4_2_14 8, 16, 4, 12
5_31_20 14, 6, 10, 2, 3
2_3_02 2, 10
1_24_12 12
3_1_16 9, 1, 5
4_30_04 6, 14, 2, 10
6_15_10 9, 1, 5, 13, 6, 14
3_31_02 5, 13, 9
7_4_10 6, 14, 2, 10, 11, 3, 7
5_18_14 8, 16, 4, 12, 5
2_19_00 1, 9
3_3_18 10, 2, 14
6_10_04 5, 13, 1, 9, 2, 10
6_20_02 2, 10, 14, 6, 15, 7
8_11_12 9, 1, 5, 13, 10, 2, 6, 14
3_7_22 13, 5, 1
6_11_00 3, 11, 15, 7, 4, 12
2_28_00 15, 7
4_8_22 13, 5, 9, 1
8_18_04 3, 11, 15, 7, 4, 12, 16, 8
3_2_16 5, 13, 1
6_7_22 13, 5, 9, 1, 14, 6
5_18_04 3, 11, 15, 7, 16
6_12_14 10, 2, 6, 14, 7, 15
7_24_18 11, 3, 7, 15, 16, 8, 12
8_5_12 8, 16, 4, 12, 9, 1, 5, 13
3_22_12 4, 12, 16
5_27_14 10, 2, 6, 14, 3
7_21_10 7, 15, 3, 11, 8, 16, 4
7_29_10 9, 1, 5, 13, 6, 14, 2
8_3_12 7, 15, 3, 11, 8, 16, 4, 12
7_8_18 11, 3, 7, 15, 16, 8, 12
2_28_06 2, 10
1_18_04 15
7_7_22 13, 5, 9, 1, 6, 14, 2
6_6_06 5, 13, 1, 9, 2, 10
7_11_00 3, 11, 15, 7, 12, 4, 8
8_29_08 8, 16, 4, 12, 5, 13, 1, 9
7_26_14 10, 2, 6, 14, 7, 15, 3
1_27_02 12
3_8_00 14, 6, 2
4_15_18 13, 5, 9, 1
2_23_08 6, 14
8_10_14 10, 2, 6, 14, 11, 3, 7, 15
2_12_00 15, 7
4_13_12 10, 2, 6, 14
1_13_06 7
1_22_00 14
7_16_06 7, 15, 3, 11, 8, 16, 4
8_14_00 4, 12, 16, 8, 1, 9, 13, 5
5_14_02 5, 13, 1, 9, 14
1_22_14 5
7_27_20 13, 5, 9, 1, 6, 14, 2
4_16_20 14, 6, 10, 2
8_8_08 6, 14, 2, 10, 7, 15, 3, 11
8_29_04 6, 14, 2, 10, 3, 11, 15, 7
8_5_02 3, 11, 15, 7, 4, 12, 16, 8
1_6_22 9
3_24_00 14, 6, 2
3_4_06 16, 8, 4
5_4_20 11, 3, 7, 15, 16
2_31_04 6, 14
5_17_06 4, 12, 16, 8, 5
5_19_10 6, 14, 2, 10, 15
2_20_08 1, 9
4_13_08 8, 16, 4, 12
3_21_02 3, 11, 15
4_25_08 7, 15, 3, 11
6_6_14 9, 1, 5, 13, 6, 14
4_29_20 14, 6, 10, 2
1_16_10 13
1_26_20 9
8_11_10 8, 16, 4, 12, 9, 1, 5, 13
1_14_14 7
4_12_08 7, 15, 3, 11
8_16_02 5, 13, 1, 9, 2, 10, 14, 6
4_29_16 12, 4, 8, 16
8_1_20 11, 3, 7, 15, 12, 4, 8, 16
2_20_20 7, 15
1_31_18 5
5_6_12 8, 16, 4, 12, 5
8_10_22 14, 6, 10, 2, 15, 7, 11, 3
4_21_22 13, 5, 9, 1
6_22_02 3, 11, 15, 7, 16, 8
5_5_06 5, 13, 1, 9, 6
1_10_02 16
6_24_14 9, 1, 5, 13, 6, 14
5_26_22 14, 6, 10, 2, 11
7_28_06 6, 14, 2, 10, 11, 3, 7
2_27_18 12, 4
6_12_10 8, 16, 4, 12, 5, 13
8_15_00 4, 12, 16, 8, 1, 9, 13, 5
2_13_10 9, 1
8_27_12 9, 1, 5, 13, 10, 2, 6, 14
5_8_14 9, 1, 5, 13, 14
7_22_20 12, 4, 8, 16, 9, 1, 5
8_11_02 4, 12, 16, 8, 5, 13, 1, 9
8_4_12 7, 15, 3, 11, 8, 16, 4, 12
8_10_06 6, 14, 2, 10, 7, 15, 3, 11
8_1_16 9, 1, 5, 13, 10, 2, 6, 14
8_10_16 11, 3, 7, 15, 12, 4, 8, 16
2_24_10 3, 11
2_18_22 8, 16
7_7_16 10, 2, 6, 14, 3, 11, 15
3_13_16 12, 4, 8
1_5_18 11
6_24_16 10, 2, 6, 14, 7, 15
8_20_08 5, 13, 1, 9, 6, 14, 2, 10
6_26_18 12, 4, 8, 16, 9, 1
4_29_02 5, 13, 1, 9
4_19_06 4, 12, 16, 8
3_17_12 7, 15, 3
1_17_04 3
7_5_20 12, 4, 8, 16, 13, 5, 9
1_29_08 8
4_31_16 12, 4, 8, 16
5_11_14 10, 2, 6, 14, 3
5_23_20 12, 4, 8, 16, 5
1_6_14 5
7_23_22 13, 5, 9, 1, 6, 14, 2
1_8_16 14
5_10_04 5, 13, 1, 9, 2
5_22_02 3, 11, 15, 7, 16
1_2_16 5
4_27_02 4, 12, 16, 8
4_2_06 4, 12, 16, 8
8_25_06 6, 14, 2, 10, 7, 15, 3, 11
2_19_18 10, 2
8_25_22 14, 6, 10, 2, 15, 7, 11, 3
2_30_10 5, 13
6_28_10 8, 16, 4, 12, 5, 13
8_1_14 8, 16, 4, 12, 9, 1, 5, 13
3_17_14 8, 16, 4
6_24_18 11, 3, 7, 15, 8, 16
4_29_08 8, 16, 4, 12
6_1_00 1, 9, 13, 5, 2, 10
1_27_12 1
5_17_08 5, 13, 1, 9, 6
1_8_00 6
3_5_10 7, 15, 3
1_29_20 14
5_19_08 5, 13, 1, 9, 14
6_13_20 14, 6, 10, 2, 11, 3
7_29_02 5, 13, 1, 9, 2, 10, 14
2_30_20 10, 2
4_31_10 9, 1, 5, 13
2_16_06 3, 11
5_26_00 3, 11, 15, 7, 16
8_4_18 10, 2, 6, 14, 11, 3, 7, 15
5_13_16 12, 4, 8, 16, 9
2_18_00 13, 5
6_30_20 14, 6, 10, 2, 7, 15
3_14_12 6, 14, 2
3_18_18 6, 14, 2
7_9_02 4, 12, 16, 8, 5, 13, 1
3_19_06 4, 12, 8
1_28_02 8
8_6_22 13, 5, 9, 1, 14, 6, 10, 2
5_31_12 10, 2, 6, 14, 15
7_10_00 3, 11, 15, 7, 16, 8, 12
2_21_02 3, 11
7_13_16 12, 4, 8, 16, 9, 1, 5
8_18_16 9, 1, 5, 13, 10, 2, 6, 14
2_14_02 1, 9
5_2_06 4, 12, 16, 8, 1
6_14_20 14, 6, 10, 2, 7, 15
4_28_20 13, 5, 9, 1
2_29_08 8, 16
5_20_14 8, 16, 4, 12, 13
4_31_06 7, 15, 3, 11
5_1_08 5, 13, 1, 9, 6
