8_10_04 5, 13, 1, 9, 6, 14, 2, 10
8_14_12 10, 2, 6, 14, 7, 15, 3, 11
2_14_18 9, 1
4_19_06 4, 12, 16, 8
6_17_10 6, 14, 2, 10, 7, 15
6_24_08 6, 14, 2, 10, 3, 11
1_7_14 1
7_5_06 5, 13, 1, 9, 6, 14, 2
2_21_16 10, 2
7_19_18 10, 2, 6, 14, 3, 11, 15
4_18_08 5, 13, 1, 9
2_8_02 15, 7
5_5_12 8, 16, 4, 12, 9
1_3_20 3
7_22_04 4, 12, 16, 8, 1, 9, 13
4_21_22 13, 5, 9, 1
4_4_10 6, 14, 2, 10
4_11_06 6, 14, 2, 10
4_8_16 10, 2, 6, 14
3_16_22 11, 3, 15
4_22_00 2, 10, 14, 6
6_2_22 12, 4, 8, 16, 9, 1
5_17_00 1, 9, 13, 5, 2
1_29_06 7
7_3_08 5, 13, 1, 9, 14, 6, 10
4_20_06 4, 12, 16, 8
8_24_18 11, 3, 7, 15, 12, 4, 8, 16
8_30_18 13, 5, 9, 1, 10, 2, 6, 14
3_17_20 11, 3, 7
6_9_14 10, 2, 6, 14, 11, 3
2_19_06 4, 12
4_6_14 9, 1, 5, 13
6_15_16 12, 4, 8, 16, 9, 1
4_28_02 4, 12, 16, 8
1_27_14 2
7_5_02 3, 11, 15, 7, 4, 12, 16
8_3_06 4, 12, 16, 8, 5, 13, 1, 9
1_14_16 8
3_26_18 8, 16, 4
6_14_20 14, 6, 10, 2, 7, 15
2_17_18 10, 2
3_11_18 12, 4, 16
7_30_16 12, 4, 8, 16, 5, 13, 1
8_4_02 2, 10, 14, 6, 3, 11, 15, 7
2_28_00 15, 7
4_16_14 11, 3, 7, 15
1_4_12 11
4_5_22 13, 5, 9, 1
6_7_08 6, 14, 2, 10, 7, 15
2_4_14 4, 12
6_12_22 14, 6, 10, 2, 11, 3
3_12_08 3, 11, 7
3_19_16 9, 1, 13
4_9_06 6, 14, 2, 10
5_3_14 8, 16, 4, 12, 1
2_27_18 12, 4
5_27_06 6, 14, 2, 10, 15
5_19_02 2, 10, 14, 6, 11
7_19_02 2, 10, 14, 6, 11, 3, 7
3_31_14 11, 3, 15
2_1_02 2, 10
2_24_02 15, 7
1_9_16 11
5_14_22 15, 7, 11, 3, 8
4_16_08 8, 16, 4, 12
8_20_06 4, 12, 16, 8, 5, 13, 1, 9
4_9_00 3, 11, 15, 7
7_27_18 12, 4, 8, 16, 5, 13, 1
4_18_14 8, 16, 4, 12
8_27_00 3, 11, 15, 7, 4, 12, 16, 8
8_27_08 7, 15, 3, 11, 8, 16, 4, 12
2_14_12 6, 14
2_20_14 4, 12
8_5_22 13, 5, 9, 1, 14, 6, 10, 2
1_6_12 4
6_10_06 6, 14, 2, 10, 3, 11
8_11_04 5, 13, 1, 9, 6, 14, 2, 10
3_4_14 4, 12, 8
7_5_18 11, 3, 7, 15, 12, 4, 8
7_30_10 9, 1, 5, 13, 2, 10, 14
6_22_08 6, 14, 2, 10, 3, 11
1_2_06 16
1_29_20 14
4_9_20 13, 5, 9, 1
5_18_00 1, 9, 13, 5, 14
3_19_14 8, 16, 12
6_17_06 4, 12, 16, 8, 5, 13
1_31_10 1
5_15_04 6, 14, 2, 10, 11
7_5_14 9, 1, 5, 13, 10, 2, 6
6_20_02 2, 10, 14, 6, 15, 7
6_28_18 12, 4, 8, 16, 9, 1
4_23_00 2, 10, 14, 6
7_4_12 7, 15, 3, 11, 12, 4, 8
4_8_20 12, 4, 8, 16
2_28_12 5, 13
5_30_12 10, 2, 6, 14, 3
8_30_20 14, 6, 10, 2, 11, 3, 7, 15
8_9_08 7, 15, 3, 11, 8, 16, 4, 12
7_9_08 7, 15, 3, 11, 8, 16, 4
3_16_12 6, 14, 10
7_31_18 13, 5, 9, 1, 2, 10, 14
8_29_22 15, 7, 11, 3, 12, 4, 8, 16
6_7_10 7, 15, 3, 11, 8, 16
5_25_18 12, 4, 8, 16, 13
4_25_20 13, 5, 9, 1
6_4_20 11, 3, 7, 15, 8, 16
8_23_04 4, 12, 16, 8, 5, 13, 1, 9
1_3_04 11
2_14_06 3, 11
7_21_14 9, 1, 5, 13, 10, 2, 6
6_19_00 1, 9, 13, 5, 2, 10
1_11_02 12
2_10_16 7, 15
4_9_04 5, 13, 1, 9
1_20_10 10
2_4_10 2, 10
4_22_10 7, 15, 3, 11
1_7_06 13
4_9_02 4, 12, 16, 8
3_28_10 4, 12, 8
8_7_18 11, 3, 7, 15, 12, 4, 8, 16
6_9_04 5, 13, 1, 9, 6, 14
7_7_22 13, 5, 9, 1, 6, 14, 2
5_3_08 5, 13, 1, 9, 14
1_15_08 16
2_13_06 7, 15
5_12_08 7, 15, 3, 11, 12
2_1_04 3, 11
3_16_04 2, 10, 6
5_5_22 13, 5, 9, 1, 14
4_17_14 8, 16, 4, 12
4_17_16 9, 1, 5, 13
5_5_04 4, 12, 16, 8, 5
2_29_02 5, 13
3_14_10 5, 13, 1
4_11_00 3, 11, 15, 7
1_10_10 4
5_16_12 10, 2, 6, 14, 11
1_16_06 11
8_3_00 1, 9, 13, 5, 2, 10, 14, 6
1_23_18 3
4_29_10 9, 1, 5, 13
3_21_00 2, 10, 14
8_25_00 3, 11, 15, 7, 4, 12, 16, 8
6_23_04 4, 12, 16, 8, 5, 13
1_20_20 15
5_13_20 14, 6, 10, 2, 11
5_31_22 15, 7, 11, 3, 4
4_28_16 11, 3, 7, 15
7_8_18 11, 3, 7, 15, 16, 8, 12
5_4_08 5, 13, 1, 9, 10
3_2_10 2, 10, 14
2_2_04 15, 7
1_18_02 14
2_3_20 11, 3
4_28_22 14, 6, 10, 2
8_6_04 4, 12, 16, 8, 5, 13, 1, 9
6_13_20 14, 6, 10, 2, 11, 3
1_23_14 1
1_25_18 12
5_15_00 4, 12, 16, 8, 9
8_12_12 9, 1, 5, 13, 10, 2, 6, 14
3_27_22 14, 6, 2
6_30_12 10, 2, 6, 14, 3, 11
7_7_04 4, 12, 16, 8, 13, 5, 9
1_23_04 12
8_29_20 14, 6, 10, 2, 11, 3, 7, 15
5_3_10 6, 14, 2, 10, 15
8_7_10 7, 15, 3, 11, 8, 16, 4, 12
6_17_02 2, 10, 14, 6, 3, 11
3_12_06 2, 10, 6
3_13_22 15, 7, 11
3_31_04 6, 14, 10
2_8_20 8, 16
7_18_02 2, 10, 14, 6, 15, 7, 11
6_14_22 15, 7, 11, 3, 8, 16
4_10_06 6, 14, 2, 10
7_12_10 8, 16, 4, 12, 13, 5, 9
6_24_10 7, 15, 3, 11, 4, 12
8_16_00 4, 12, 16, 8, 1, 9, 13, 5
7_21_20 12, 4, 8, 16, 13, 5, 9
7_16_12 10, 2, 6, 14, 11, 3, 7
8_31_10 9, 1, 5, 13, 6, 14, 2, 10
1_30_20 10
8_5_02 3, 11, 15, 7, 4, 12, 16, 8
2_8_16 6, 14
3_4_08 1, 9, 5
6_7_20 12, 4, 8, 16, 13, 5
5_26_04 5, 13, 1, 9, 2
4_16_06 7, 15, 3, 11
7_17_22 12, 4, 8, 16, 13, 5, 9
8_16_12 10, 2, 6, 14, 7, 15, 3, 11
5_29_18 13, 5, 9, 1, 10
2_5_08 6, 14
6_3_08 5, 13, 1, 9, 6, 14
3_21_08 6, 14, 2
8_1_16 9, 1, 5, 13, 10, 2, 6, 14
5_21_02 3, 11, 15, 7, 4
1_2_12 3
6_25_10 8, 16, 4, 12, 9, 1
1_5_12 8
5_11_10 8, 16, 4, 12, 1
1_4_00 5
5_9_22 14, 6, 10, 2, 15
8_28_20 13, 5, 9, 1, 14, 6, 10, 2
8_16_08 8, 16, 4, 12, 5, 13, 1, 9
2_4_20 7, 15
7_25_16 11, 3, 7, 15, 12, 4, 8
7_9_22 14, 6, 10, 2, 15, 7, 11
2_3_10 6, 14
6_22_18 11, 3, 7, 15, 8, 16
8_13_18 13, 5, 9, 1, 10, 2, 6, 14
2_27_14 10, 2
1_19_14 16
3_23_12 8, 16, 12
4_14_22 15, 7, 11, 3
2_5_18 11, 3
4_10_12 9, 1, 5, 13
7_22_20 12, 4, 8, 16, 9, 1, 5
7_3_16 9, 1, 5, 13, 2, 10, 14
5_27_04 5, 13, 1, 9, 14
5_16_02 5, 13, 1, 9, 6
6_26_02 4, 12, 16, 8, 1, 9
2_18_16 5, 13
4_3_02 2, 10, 14, 6
3_25_02 4, 12, 16
8_26_10 8, 16, 4, 12, 9, 1, 5, 13
1_18_18 6
8_11_22 14, 6, 10, 2, 15, 7, 11, 3
6_24_14 9, 1, 5, 13, 6, 14
4_15_16 12, 4, 8, 16
2_31_02 5, 13
5_20_04 3, 11, 15, 7, 8
3_10_02 16, 8, 12
3_29_12 10, 2, 6
3_17_08 5, 13, 1
1_12_22 2
4_2_16 9, 1, 5, 13
3_28_22 10, 2, 14
8_8_10 7, 15, 3, 11, 8, 16, 4, 12
4_13_00 4,12, 16, 8
1_27_16 3
6_3_02 2, 10, 14, 6, 3, 11
7_17_00 1, 9, 13, 5, 2, 10, 14
2_7_14 9, 1
4_18_10 6, 14, 2, 10
2_18_10 2, 10
6_15_18 13, 5, 9, 1, 10, 2
7_21_12 8, 16, 4, 12, 9, 1, 5
2_5_04 4, 12
3_13_18 13, 5, 9
6_30_16 12, 4, 8, 16, 5, 13
8_12_22 14, 6, 10, 2, 15, 7, 11, 3
4_11_08 7, 15, 3, 11
5_9_06 6, 14, 2, 10, 7
8_3_20 11, 3, 7, 15, 12, 4, 8, 16
3_24_16 6, 14, 10
8_27_12 9, 1, 5, 13, 10, 2, 6, 14
5_27_00 3, 11, 15, 7, 12
4_15_14 11, 3, 7, 15
8_4_08 5, 13, 1, 9, 6, 14, 2, 10
2_8_22 9, 1
6_13_02 5, 13, 1, 9, 2, 10
3_14_04 2, 10, 14
6_14_14 11, 3, 7, 15, 4, 12
3_28_06 2, 10, 6
6_7_04 4, 12, 16, 8, 5, 13
7_29_10 9, 1, 5, 13, 6, 14, 2
3_5_12 8, 16, 4
5_28_16 11, 3, 7, 15, 16
1_30_12 6
8_7_00 2, 10, 14, 6, 3, 11, 15, 7
2_25_18 12, 4
8_31_20 14, 6, 10, 2, 11, 3, 7, 15
6_14_18 13, 5, 9, 1, 6, 14
1_20_02 6
3_12_12 5, 13, 9
4_21_18 11, 3, 7, 15
8_25_10 8, 16, 4, 12, 9, 1, 5, 13
4_29_08 8, 16, 4, 12
6_20_04 3, 11, 15, 7, 16, 8
4_24_16 10, 2, 6, 14
4_31_14 11, 3, 7, 15
4_10_18 12, 4, 8, 16
2_17_16 9, 1
8_10_12 9, 1, 5, 13, 10, 2, 6, 14
7_21_08 6, 14, 2, 10, 7, 15, 3
7_1_18 10, 2, 6, 14, 11, 3, 7
3_15_02 5, 13, 9
7_23_18 11, 3, 7, 15, 4, 12, 16
7_22_14 9, 1, 5, 13, 6, 14, 2
2_21_12 8, 16
3_8_12 4, 12, 8
5_12_14 10, 2, 6, 14, 15
5_4_12 7, 15, 3, 11, 12
4_28_00 3, 11, 15, 7
6_2_02 2, 10, 14, 6, 15, 7
2_22_00 14, 6
5_7_10 7, 15, 3, 11, 16
2_11_06 6, 14
5_6_10 7, 15, 3, 11, 4
3_15_12 10, 2, 14
4_2_20 11, 3, 7, 15
3_22_22 9, 1, 5
5_29_02 5, 13, 1, 9, 2
1_21_20 12
2_26_22 10, 2
8_3_12 7, 15, 3, 11, 8, 16, 4, 12
4_5_12 8, 16, 4, 12
5_21_10 7, 15, 3, 11, 8
1_14_00 16
6_28_08 7, 15, 3, 11, 4, 12
6_9_12 9, 1, 5, 13, 10, 2
5_17_14 8, 16, 4, 12, 9
6_13_14 11, 3, 7, 15, 8, 16
4_6_06 5, 13, 1, 9
3_2_02 14, 6, 10
5_19_04 3, 11, 15, 7, 12
4_10_02 4, 12, 16, 8
1_18_08 1
6_29_22 15, 7, 11, 3, 12, 4
4_31_06 7, 15, 3, 11
7_11_06 6, 14, 2, 10, 15, 7, 11
8_4_12 7, 15, 3, 11, 8, 16, 4, 12
5_14_16 12, 4, 8, 16, 5
3_7_08 6, 14, 10
8_16_04 6, 14, 2, 10, 3, 11, 15, 7
1_3_18 2
7_18_16 9, 1, 5, 13, 6, 14, 2
3_4_06 16, 8, 4
5_14_14 11, 3, 7, 15, 4
6_30_10 9, 1, 5, 13, 2, 10
1_17_00 1
3_13_10 9, 1, 5
5_31_20 14, 6, 10, 2, 3
7_27_14 10, 2, 6, 14, 3, 11, 15
1_26_04 1
2_12_10 4, 12
2_11_00 3, 11
6_26_12 9, 1, 5, 13, 6, 14
3_6_08 2, 10, 14
4_17_06 4, 12, 16, 8
6_29_20 14, 6, 10, 2, 11, 3
5_2_00 1, 9, 13, 5, 14
1_6_20 8
5_20_02 2, 10, 14, 6, 7
2_16_04 2, 10
3_6_20 8, 16, 4
6_16_10 9, 1, 5, 13, 2, 10
8_31_18 13, 5, 9, 1, 10, 2, 6, 14
1_29_04 6
2_21_00 2, 10
4_5_08 6, 14, 2, 10
8_31_22 15, 7, 11, 3, 12, 4, 8, 16
4_26_20 13, 5, 9, 1
6_5_00 2, 10, 14, 6, 3, 11
4_20_00 1, 9, 13, 5
4_13_02 5, 13, 1, 9
6_13_18 13, 5, 9, 1, 10, 2
6_26_20 13, 5, 9, 1, 10, 2
7_11_04 5, 13, 1, 9, 14, 6, 10
3_20_08 1, 9, 5
5_3_02 2, 10, 14, 6, 11
1_23_12 16
1_28_22 2
4_16_00 4,12, 16, 8
4_14_10 9, 1, 5, 13
2_15_18 13, 5
3_10_18 8, 16, 4
7_15_18 13, 5, 9, 1, 2, 10, 14
7_16_00 4, 12, 16, 8, 5, 13, 1
5_13_00 4, 12, 16, 8, 1
1_7_20 4
1_2_16 5
1_14_02 1
7_16_10 9, 1, 5, 13, 10, 2, 6
5_14_18 13, 5, 9, 1, 6
4_19_18 10, 2, 6, 14
2_12_02 16, 8
4_25_06 6, 14, 2, 10
7_12_20 13, 5, 9, 1, 2, 10, 14
8_13_04 6, 14, 2, 10, 3, 11, 15, 7
1_25_04 5
3_2_14 4, 12, 16
3_9_16 11, 3, 7
2_26_04 1, 9
8_31_14 11, 3, 7, 15, 8, 16, 4, 12
1_17_12 7
3_1_08 5, 13, 1
2_11_10 8, 16
1_17_14 8
2_18_20 7, 15
5_1_08 5, 13, 1, 9, 6
5_20_20 11, 3, 7, 15, 16
3_8_18 7, 15, 11
8_2_10 6, 14, 2, 10, 7, 15, 3, 11
5_1_04 3, 11, 15, 7, 4
3_3_18 10, 2, 14
3_8_08 2, 10, 6
8_14_16 12, 4, 8, 16, 9, 1, 5, 13
4_19_04 3, 11, 15, 7
7_28_08 7, 15, 3, 11, 12, 4, 8
2_31_04 6, 14
2_20_00 13, 5
4_8_18 11, 3, 7, 15
7_1_04 3, 11, 15, 7, 4, 12, 16
7_10_08 7, 15, 3, 11, 4, 12, 16
7_15_00 4, 12, 16, 8, 9, 1, 5
2_14_14 7, 15
3_6_00 14, 6, 10
3_3_06 4, 12, 8
6_23_14 9, 1, 5, 13, 10, 2
6_14_12 10, 2, 6, 14, 3, 11
8_10_22 14, 6, 10, 2, 15, 7, 11, 3
7_29_08 8, 16, 4, 12, 5, 13, 1
6_8_12 8, 16, 4, 12, 5, 13
5_14_12 10, 2, 6, 14, 3
6_6_16 10, 2, 6, 14, 7, 15
7_26_14 10, 2, 6, 14, 7, 15, 3
8_17_16 9, 1, 5, 13, 10, 2, 6, 14
2_26_20 9, 1
6_25_22 14, 6, 10, 2, 15, 7
6_16_22 15, 7, 11, 3, 8, 16
3_22_12 4, 12, 16
4_12_20 13, 5, 9, 1
3_4_22 8, 16, 12
3_4_00 13, 5, 1
3_9_22 14, 6, 10
4_27_08 7, 15, 3, 11
7_29_20 14, 6, 10, 2, 11, 3, 7
5_22_18 11, 3, 7, 15, 8
3_4_10 2, 10, 6
6_17_14 8, 16, 4, 12, 9, 1
6_18_20 11, 3, 7, 15, 8, 16
3_14_16 8, 16, 4
2_1_00 1, 9
2_3_06 4, 12
6_21_02 3, 11, 15, 7, 4, 12
5_20_14 8, 16, 4, 12, 13
1_4_08 9
6_18_02 2, 10, 14, 6, 15, 7
8_31_08 8, 16, 4, 12, 5, 13, 1, 9
5_30_16 12, 4, 8, 16, 5
1_21_08 6
6_6_06 5, 13, 1, 9, 2, 10
4_6_20 12, 4, 8, 16
4_31_10 9, 1, 5, 13
5_31_18 13, 5, 9, 1, 2
4_12_14 10, 2, 6, 14
6_27_16 11, 3, 7, 15, 12, 4
5_30_10 9, 1, 5, 13, 2
3_20_20 7, 15, 11
4_10_22 14, 6, 10, 2
3_27_04 5, 13, 9
5_26_12 9, 1, 5, 13, 6
3_10_20 9, 1, 5
6_2_16 9, 1, 5, 13, 6, 14
4_2_10 6, 14, 2, 10
5_24_16 10, 2, 6, 14, 15
8_17_22 12, 4, 8, 16, 13, 5, 9, 1
7_18_14 8, 16, 4, 12, 5, 13, 1
1_28_06 10
1_10_04 1
3_31_02 5, 13, 9
3_8_06 1, 9, 5
1_4_16 13
3_12_22 10, 2, 14
1_29_10 9
2_13_22 15, 7
8_6_08 6, 14, 2, 10, 7, 15, 3, 11
8_23_10 7, 15, 3, 11, 8, 16, 4, 12
5_2_14 8, 16, 4, 12, 5
3_19_06 4, 12, 8
6_12_16 11, 3, 7, 15, 8, 16
2_25_06 6, 14
2_11_18 12, 4
8_10_10 8, 16, 4, 12, 9, 1, 5, 13
3_12_02 16, 8, 4
8_16_14 11, 3, 7, 15, 8, 16, 4, 12
3_1_06 4, 12, 16
2_14_22 11, 3
5_8_06 5, 13, 1, 9, 10
8_4_20 11, 3, 7, 15, 12, 4, 8, 16
3_26_20 9, 1, 5
3_6_16 6, 14, 2
6_29_18 13, 5, 9, 1, 10, 2
3_19_08 5, 13, 9
1_24_06 9
7_16_04 6, 14, 2, 10, 7, 15, 3
7_7_00 2, 10, 14, 6, 11, 3, 7
6_18_14 8, 16, 4, 12, 5, 13
5_9_14 10, 2, 6, 14, 11
6_9_20 13, 5, 9, 1, 14, 6
3_21_22 13, 5, 9
7_28_12 9, 1, 5, 13, 14, 6, 10
6_23_20 12, 4, 8, 16, 13, 5
8_15_04 6, 14, 2, 10, 3, 11, 15, 7
4_5_00 2, 10, 14, 6
1_23_06 13
1_16_18 1
1_27_02 12
1_28_02 8
4_4_00 1, 9, 13, 5
4_1_06 4, 12, 16, 8
2_16_06 3, 11
2_18_06 16, 8
7_31_08 8, 16, 4, 12, 13, 5, 9
4_31_04 6, 14, 2, 10
2_19_00 1, 9
3_10_10 4, 12, 16
5_25_06 6, 14, 2, 10, 7
6_10_22 14, 6, 10, 2, 11, 3
3_30_08 4, 12, 16
7_11_16 11, 3, 7, 15, 4, 12, 16
1_7_22 5
4_15_00 4,12, 16, 8
8_13_06 7, 15, 3, 11, 4, 12, 16, 8
2_10_08 3, 11
5_16_08 8, 16, 4, 12, 9
1_30_18 9
6_11_14 10, 2, 6, 14, 11, 3
2_8_08 2, 10
4_18_22 12, 4, 8, 16
4_7_14 9, 1, 5, 13
2_28_20 9, 1
7_4_14 8, 16, 4, 12, 13, 5, 9
3_23_08 6, 14, 10
3_1_18 10, 2, 6
3_10_00 15, 7, 11
4_5_10 7, 15, 3, 11
7_25_02 4, 12, 16, 8, 5, 13, 1
8_8_18 11, 3, 7, 15, 12, 4, 8, 16
2_11_20 13, 5
5_31_12 10, 2, 6, 14, 15
4_11_04 5, 13, 1, 9
5_28_22 14, 6, 10, 2, 3
8_18_08 5, 13, 1, 9, 6, 14, 2, 10
1_1_08 5
5_13_10 9, 1, 5, 13, 6
