8_27_20 13, 5, 9, 1, 14, 6, 10, 2
7_9_08 7, 15, 3, 11, 8, 16, 4
1_16_14 15
8_14_16 12, 4, 8, 16, 9, 1, 5, 13
4_8_16 10, 2, 6, 14
8_9_18 12, 4, 8, 16, 13, 5, 9, 1
2_28_14 6, 14
2_4_12 3, 11
6_20_20 11, 3, 7, 15, 8, 16
1_26_04 1
4_27_04 5, 13, 1, 9
1_7_12 16
1_22_22 9
5_29_10 9, 1, 5, 13, 6
4_28_22 14, 6, 10, 2
1_5_16 10
6_29_22 15, 7, 11, 3, 12, 4
4_1_08 5, 13, 1, 9
7_27_16 11, 3, 7, 15, 4, 12, 16
6_26_00 3, 11, 15, 7, 16, 8
1_22_18 7
2_25_00 3, 11
2_8_04 16, 8
7_2_08 5, 13, 1, 9, 2, 10, 14
5_14_14 11, 3, 7, 15, 4
3_22_06 1, 9, 13
8_7_16 10, 2, 6, 14, 11, 3, 7, 15
5_14_08 8, 16, 4, 12, 1
6_27_02 4, 12, 16, 8, 5, 13
1_7_04 12
2_7_10 7, 15
4_28_04 5, 13, 1, 9
1_29_18 13
6_16_08 8, 16, 4, 12, 1, 9
6_12_04 5, 13, 1, 9, 2, 10
6_4_08 5, 13, 1, 9, 2, 10
4_30_20 14, 6, 10, 2
1_3_20 3
1_13_06 7
2_24_20 8, 16
3_21_16 10, 2, 6
6_23_10 7, 15, 3, 11, 8, 16
1_20_06 8
1_29_12 10
6_26_18 12, 4, 8, 16, 9, 1
6_1_18 10, 2, 6, 14, 11, 3
5_4_00 1, 9, 13, 5, 6
4_22_10 7, 15, 3, 11
8_14_10 9, 1, 5, 13, 6, 14, 2, 10
2_14_14 7, 15
6_7_02 3, 11, 15, 7, 4, 12
1_26_06 2
7_8_22 13, 5, 9, 1, 2, 10, 14
4_20_04 3, 11, 15, 7
2_26_06 2, 10
2_22_08 2, 10
2_5_00 2, 10
6_29_04 6, 14, 2, 10, 3, 11
7_13_20 14, 6, 10, 2, 11, 3, 7
7_18_22 12, 4, 8, 16, 9, 1, 5
2_6_04 16, 8
4_27_10 8, 16, 4, 12
1_12_08 11
7_20_18 10, 2, 6, 14, 15, 7, 11
3_25_22 14, 6, 10
3_1_20 11, 3, 7
8_8_16 10, 2, 6, 14, 11, 3, 7, 15
3_20_10 2, 10, 6
1_12_12 13
2_1_00 1, 9
5_15_04 6, 14, 2, 10, 11
1_7_22 5
3_19_06 4, 12, 8
2_18_22 8, 16
1_23_12 16
1_7_08 14
2_12_04 1, 9
2_2_04 15, 7
7_16_00 4, 12, 16, 8, 5, 13, 1
1_31_22 7
4_1_10 6, 14, 2, 10
1_3_02 10
3_22_14 5, 13, 1
6_31_22 15, 7, 11, 3, 12, 4
6_13_04 6, 14, 2, 10, 3, 11
8_28_02 4, 12, 16, 8, 5, 13, 1, 9
8_19_08 5, 13, 1, 9, 6, 14, 2, 10
7_8_16 10, 2, 6, 14, 15, 7, 11
6_19_08 5, 13, 1, 9, 6, 14
7_12_12 9, 1, 5, 13, 14, 6, 10
8_15_00 4, 12, 16, 8, 1, 9, 13, 5
6_13_08 8, 16, 4, 12, 5, 13
8_21_00 2, 10, 14, 6, 3, 11, 15, 7
2_16_16 8, 16
6_26_16 11, 3, 7, 15, 8, 16
8_31_14 11, 3, 7, 15, 8, 16, 4, 12
2_27_14 10, 2
6_24_20 12, 4, 8, 16, 9, 1
8_17_18 10, 2, 6, 14, 11, 3, 7, 15
3_5_06 5, 13, 1
1_1_22 12
7_12_14 10, 2, 6, 14, 15, 7, 11
1_28_10 12
7_18_12 7, 15, 3, 11, 4, 12, 16
6_16_16 12, 4, 8, 16, 5, 13
8_13_12 10, 2, 6, 14, 7, 15, 3, 11
8_3_16 9, 1, 5, 13, 10, 2, 6, 14
5_23_02 3, 11, 15, 7, 12
3_27_00 3, 11, 7
4_12_00 3, 11, 15, 7
5_9_16 11, 3, 7, 15, 12
8_18_14 8, 16, 4, 12, 9, 1, 5, 13
4_28_18 12, 4, 8, 16
3_24_08 2, 10, 6
3_30_00 16, 8, 12
1_12_06 10
1_18_08 1
6_2_20 11, 3, 7, 15, 8, 16
1_26_02 16
3_28_08 3, 11, 7
7_8_00 2, 10, 14, 6, 7, 15, 3
1_14_20 10
8_27_12 9, 1, 5, 13, 10, 2, 6, 14
4_8_14 9, 1, 5, 13
8_27_10 8, 16, 4, 12, 9, 1, 5, 13
1_3_04 11
6_20_04 3, 11, 15, 7, 16, 8
4_25_12 9, 1, 5, 13
1_19_04 11
4_26_06 6, 14, 2, 10
5_10_00 3, 11, 15, 7, 16
5_2_18 10, 2, 6, 14, 7
2_24_22 9, 1
7_9_22 14, 6, 10, 2, 15, 7, 11
1_31_06 15
3_6_22 9, 1, 5
3_16_20 10, 2, 14
2_24_18 7, 15
7_15_22 15, 7, 11, 3, 4, 12, 16
1_11_00 11
4_6_04 4, 12, 16, 8
3_22_16 6, 14, 2
7_2_12 7, 15, 3, 11, 4, 12, 16
6_16_06 7, 15, 3, 11, 16, 8
8_11_12 9, 1, 5, 13, 10, 2, 6, 14
7_9_04 5, 13, 1, 9, 6, 14, 2
7_24_10 7, 15, 3, 11, 12, 4, 8
3_22_02 15, 7, 11
7_13_08 8, 16, 4, 12, 5, 13, 1
1_11_04 13
5_21_08 6, 14, 2, 10, 7
3_4_08 1, 9, 5
4_27_14 10, 2, 6, 14
5_11_14 10, 2, 6, 14, 3
6_29_14 11, 3, 7, 15, 8, 16
7_24_16 10, 2, 6, 14, 15, 7, 11
7_5_20 12, 4, 8, 16, 13, 5, 9
7_17_20 11, 3, 7, 15, 12, 4, 8
1_27_22 6
6_6_00 2, 10, 14, 6, 15, 7
6_16_14 11, 3, 7, 15, 4, 12
8_6_22 13, 5, 9, 1, 14, 6, 10, 2
1_6_14 5
2_16_00 16, 8
4_16_02 5, 13, 1, 9
1_10_18 8
1_14_18 9
5_10_08 7, 15, 3, 11, 4
4_1_20 11, 3, 7, 15
7_21_14 9, 1, 5, 13, 10, 2, 6
4_23_18 11, 3, 7, 15
3_13_04 6, 14, 2
2_27_20 13, 5
2_2_18 6, 14
2_11_10 8, 16
5_11_10 8, 16, 4, 12, 1
8_31_00 4, 12, 16, 8, 1, 9, 13, 5
5_14_00 4, 12, 16, 8, 13
4_11_20 13, 5, 9, 1
1_1_18 10
2_17_02 2, 10
6_15_00 4, 12, 16, 8, 1, 9
2_22_00 14, 6
1_2_14 4
1_31_12 2
3_23_02 3, 11, 7
4_20_16 9, 1, 5, 13
3_25_16 11, 3, 7
3_8_08 2, 10, 6
6_16_00 4, 12, 16, 8, 13, 5
4_3_10 6, 14, 2, 10
7_13_04 6, 14, 2, 10, 3, 11, 15
8_23_06 5, 13, 1, 9, 6, 14, 2, 10
3_16_02 1, 9, 5
6_11_16 11, 3, 7, 15, 12, 4
5_5_06 5, 13, 1, 9, 6
6_30_20 14, 6, 10, 2, 7, 15
6_5_12 8, 16, 4, 12, 9, 1
1_9_04 5
8_22_14 9, 1, 5, 13, 10, 2, 6, 14
5_11_06 6, 14, 2, 10, 15
4_25_20 13, 5, 9, 1
4_2_06 4, 12, 16, 8
5_15_02 5, 13, 1, 9, 10
8_18_20 11, 3, 7, 15, 12, 4, 8, 16
6_2_14 8, 16, 4, 12, 5, 13
8_17_22 12, 4, 8, 16, 13, 5, 9, 1
1_9_08 7
5_26_14 10, 2, 6, 14, 7
4_18_16 9, 1, 5, 13
2_8_00 14, 6
4_23_00 2, 10, 14, 6
8_17_02 2, 10, 14, 6, 3, 11, 15, 7
3_31_22 15, 7, 3
4_20_08 5, 13, 1, 9
7_22_02 3, 11, 15, 7, 16, 8, 12
4_30_08 8, 16, 4, 12
1_23_10 15
1_31_14 3
7_8_02 3, 11, 15, 7, 8, 16, 4
4_21_02 3, 11, 15, 7
2_15_04 6, 14
8_1_14 8, 16, 4, 12, 9, 1, 5, 13
4_29_02 5, 13, 1, 9
5_20_00 1, 9, 13, 5, 6
8_20_00 1, 9, 13, 5, 2, 10, 14, 6
5_1_20 11, 3, 7, 15, 12
4_9_22 14, 6, 10, 2
1_24_16 14
4_23_20 12, 4, 8, 16
3_5_16 10, 2, 6
2_30_14 7, 15
7_9_14 10, 2, 6, 14, 11, 3, 7
3_22_22 9, 1, 5
8_10_14 10, 2, 6, 14, 11, 3, 7, 15
1_26_20 9
8_13_02 5, 13, 1, 9, 2, 10, 14, 6
2_12_16 7, 15
2_19_08 5, 13
7_3_00 1, 9, 13, 5, 10, 2, 6
3_1_02 2, 10, 14
6_3_02 2, 10, 14, 6, 3, 11
8_1_16 9, 1, 5, 13, 10, 2, 6, 14
2_20_20 7, 15
3_26_04 1, 9, 13
3_22_12 4, 12, 16
1_21_06 5
6_28_12 9, 1, 5, 13, 6, 14
2_1_14 8, 16
8_8_10 7, 15, 3, 11, 8, 16, 4, 12
8_14_14 11, 3, 7, 15, 8, 16, 4, 12
3_20_00 13, 5, 1
1_27_12 1
2_18_20 7, 15
8_13_06 7, 15, 3, 11, 4, 12, 16, 8
6_12_20 13, 5, 9, 1, 10, 2
6_24_14 9, 1, 5, 13, 6, 14
7_17_08 5, 13, 1, 9, 6, 14, 2
6_23_16 10, 2, 6, 14, 11, 3
5_7_12 8, 16, 4, 12, 1
5_17_10 6, 14, 2, 10, 7
3_21_20 12, 4, 8
3_9_00 3, 11, 15
4_5_22 13, 5, 9, 1
7_10_00 3, 11, 15, 7, 16, 8, 12
2_27_22 14, 6
5_17_22 12, 4, 8, 16, 13
7_31_10 9, 1, 5, 13, 14, 6, 10
4_17_10 6, 14, 2, 10
6_30_00 4, 12, 16, 8, 13, 5
5_3_00 1, 9, 13, 5, 10
2_5_12 8, 16
8_28_18 12, 4, 8, 16, 13, 5, 9, 1
1_1_06 4
3_1_14 8, 16, 4
7_9_00 3, 11, 15, 7, 4, 12, 16
6_3_14 8, 16, 4, 12, 9, 1
5_1_12 7, 15, 3, 11, 8
4_28_12 9, 1, 5, 13
2_18_02 14, 6
3_3_06 4, 12, 8
6_12_02 4, 12, 16, 8, 1, 9
8_26_22 14, 6, 10, 2, 15, 7, 11, 3
1_25_16 11
2_9_20 13, 5
5_8_20 12, 4, 8, 16, 1
7_21_02 3, 11, 15, 7, 4, 12, 16
8_17_14 8, 16, 4, 12, 9, 1, 5, 13
5_28_04 5, 13, 1, 9, 10
4_12_04 5, 13, 1, 9
1_8_14 13
8_16_02 5, 13, 1, 9, 2, 10, 14, 6
3_23_10 7, 15, 11
7_1_20 11, 3, 7, 15, 12, 4, 8
3_9_22 14, 6, 10
1_7_00 10
2_25_14 10, 2
7_17_04 3, 11, 15, 7, 4, 12, 16
2_9_08 7, 15
3_4_18 6, 14, 10
6_15_22 15, 7, 11, 3, 12, 4
3_25_20 13, 5, 9
8_16_06 7, 15, 3, 11, 4, 12, 16, 8
8_21_08 6, 14, 2, 10, 7, 15, 3, 11
7_23_20 12, 4, 8, 16, 5, 13, 1
4_10_00 3, 11, 15, 7
7_16_04 6, 14, 2, 10, 7, 15, 3
7_16_16 12, 4, 8, 16, 13, 5, 9
6_11_12 9, 1, 5, 13, 10, 2
2_11_22 14, 6
1_18_00 13
6_8_06 5, 13, 1, 9, 2, 10
2_12_14 6, 14
5_30_08 8, 16, 4, 12, 1
2_9_22 14, 6
1_8_18 15
1_16_08 12
8_10_20 13, 5, 9, 1, 14, 6, 10, 2
1_22_06 1
6_17_10 6, 14, 2, 10, 7, 15
3_14_18 9, 1, 5
4_12_02 4, 12, 16, 8
1_9_14 10
1_27_14 2
8_14_12 10, 2, 6, 14, 7, 15, 3, 11
2_3_22 12, 4
1_9_02 4
7_11_04 5, 13, 1, 9, 14, 6, 10
2_26_20 9, 1
2_13_08 8, 16
8_5_00 2, 10, 14, 6, 3, 11, 15, 7
2_10_18 8, 16
5_23_22 13, 5, 9, 1, 6
1_16_10 13
4_12_18 12, 4, 8, 16
6_17_18 10, 2, 6, 14, 11, 3
3_12_10 4, 12, 8
5_7_00 2, 10, 14, 6, 11
8_30_14 11, 3, 7, 15, 8, 16, 4, 12
1_17_02 2
5_13_04 6, 14, 2, 10, 3
2_12_20 9, 1
4_4_18 10, 2, 6, 14
3_8_06 1, 9, 5
4_15_08 8, 16, 12
7_27_00 3, 11, 15, 7, 12, 4, 8
3_2_12 3, 11, 15
1_23_16 2
5_9_02 4, 12, 16, 8, 5
4_19_08 5, 13, 1, 9
6_7_00 2, 10, 14, 6, 3, 11
8_30_00 4, 12, 16, 8, 1, 9, 13, 5
2_22_20 8, 16
8_8_02 3, 11, 15, 7, 4, 12, 16, 8
3_6_10 3, 11, 15
8_13_18 13, 5, 9, 1, 10, 2, 6, 14
1_4_12 11
2_2_16 5, 13
3_15_10 9, 1, 13
3_26_18 8, 16, 4
2_10_08 3, 11
1_6_00 14
5_27_14 10, 2, 6, 14, 3
7_15_12 10, 2, 6, 14, 15, 7, 11
6_17_14 8, 16, 4, 12, 9, 1
5_30_20 14, 6, 10, 2, 7
7_10_18 12, 4, 8, 16, 9, 1, 5
8_23_00 2, 10, 14, 6, 3, 11, 15, 7
2_30_18 9, 1
5_19_10 6, 14, 2, 10, 15
6_19_04 3, 11, 15, 7, 4, 12
3_18_16 5, 13, 1
2_29_20 14, 6
7_14_22 15, 7, 11, 3, 8, 16, 4
5_27_12 9, 1, 5, 13, 2
4_25_18 12, 4, 8, 16
2_12_12 5, 13
8_12_04 5, 13, 1, 9, 6, 14, 2, 10
8_24_14 9, 1, 5, 13, 10, 2, 6, 14
2_1_16 9, 1
4_12_22 14, 6, 10, 2
5_7_14 9, 1, 5, 13, 2
8_9_02 4, 12, 16, 8, 5, 13, 1, 9
8_30_02 5, 13, 1, 9, 2, 10, 14, 6
1_27_20 5
8_5_12 8, 16, 4, 12, 9, 1, 5, 13
5_16_16 12, 4, 8, 16, 13
6_14_08 8, 16, 4, 12, 1, 9
7_30_10 9, 1, 5, 13, 2, 10, 14
8_4_04 3, 11, 15, 7, 4, 12, 16, 8
6_4_06 4, 12, 16, 8, 1, 9
3_21_18 11, 3, 7
8_2_16 9, 1, 5, 13, 10, 2, 6, 14
7_20_20 11, 3, 7, 15, 16, 8, 12
4_17_22 12, 4, 8, 16
2_5_04 4, 12
3_10_04 1, 9, 13
7_28_06 6, 14, 2, 10, 11, 3, 7
8_5_18 11, 3, 7, 15, 12, 4, 8, 16
8_12_10 8, 16, 4, 12, 9, 1, 5, 13
5_25_02 4, 12, 16, 8, 5
7_16_02 5, 13, 1, 9, 6, 14, 2
5_13_06 7, 15, 3, 11, 4
1_15_04 14
5_23_06 5, 13, 1, 9, 14
3_2_06 16, 8, 12
8_10_12 9, 1, 5, 13, 10, 2, 6, 14
1_29_10 9
4_12_08 7, 15, 3, 11
2_8_14 5, 13
4_29_10 9, 1, 5, 13
6_31_08 8, 16, 4, 12, 5, 13
8_23_22 13, 5, 9, 1, 14, 6, 10, 2
5_28_08 7, 15, 3, 11, 12
4_10_18 12, 4, 8, 16
1_16_18 1
2_16_14 7, 15
3_12_18 8, 16, 12
5_2_04 3, 11, 15, 7, 16
1_24_02 7
8_8_06 5, 13, 1, 9, 6, 14, 2, 10
4_31_02 5, 13, 1, 9
6_31_14 11, 3, 7, 15, 8, 16
7_5_10 7, 15, 3, 11, 8, 16, 4
1_19_02 10
5_12_06 6, 14, 2, 10, 11
4_27_20 13, 5, 9, 1
3_24_04 16, 8, 4
1_3_12 15
1_13_02 5
8_9_14 10, 2, 6, 14, 11, 3, 7, 15
4_18_18 10, 2, 6, 14
2_5_16 10, 2
8_26_10 8, 16, 4, 12, 9, 1, 5, 13
7_31_04 6, 14, 2, 10, 11, 3, 7
1_19_22 4
7_5_14 9, 1, 5, 13, 10, 2, 6
4_28_00 3, 11, 15, 7
1_11_02 12
8_11_10 8, 16, 4, 12, 9, 1, 5, 13
6_16_18 13, 5, 9, 1, 6, 14
4_25_04 5, 13, 1, 9
4_3_14 8, 16, 4, 12
4_1_06 4, 12, 16, 8
3_18_00 13, 5, 9
6_26_06 6, 14, 2, 10, 3, 11
3_26_16 7, 15, 3
6_18_04 3, 11, 15, 7, 16, 8
3_1_10 6, 14, 2
1_8_10 11
1_20_00 5
8_30_16 12, 4, 8, 16, 9, 1, 5, 13
6_21_04 4, 12, 16, 8, 5, 13
6_25_00 3, 11, 15, 7, 4, 12
6_4_04 3, 11, 15, 7, 16, 8
7_31_16 12, 4, 8, 16, 1, 9, 13
8_24_00 2, 10, 14, 6, 3, 11, 15, 7
8_30_18 13, 5, 9, 1, 10, 2, 6, 14
6_13_20 14, 6, 10, 2, 11, 3
7_11_22 14, 6, 10, 2, 7, 15, 3
5_9_18 12, 4, 8, 16, 13
8_20_16 9, 1, 5, 13, 10, 2, 6, 14
1_26_00 15
1_4_20 15
8_6_08 6, 14, 2, 10, 7, 15, 3, 11
3_7_04 4, 12, 8
8_9_04 5, 13, 1, 9, 6, 14, 2, 10
7_25_06 6, 14, 2, 10, 7, 15, 3
2_22_10 3, 11
1_11_08 15
4_14_10 9, 1, 5, 13
7_3_06 4, 12, 16, 8, 13, 5, 9
3_19_20 11, 3, 15
4_19_04 3, 11, 15, 7
3_6_04 16, 8, 12
6_22_08 6, 14, 2, 10, 3, 11
2_24_10 3, 11
1_3_16 1
6_18_08 5, 13, 1, 9, 2, 10
1_22_20 8
4_20_10 6, 14, 2, 10
8_7_00 2, 10, 14, 6, 3, 11, 15, 7
1_27_06 14
1_24_10 11
2_9_02 4, 12
8_2_00 1, 9, 13, 5, 2, 10, 14, 6
5_31_12 10, 2, 6, 14, 15
1_30_16 8
5_11_12 9, 1, 5, 13, 2
6_1_06 4, 12, 16, 8, 5, 13
6_20_00 1, 9, 13, 5, 14, 6
2_31_16 12, 4
7_7_12 8, 16, 4, 12, 1, 9, 13
3_20_02 14, 6, 2
6_26_14 10, 2, 6, 14, 7, 15
4_6_20 12, 4, 8, 16
3_11_08 7, 15, 11
4_9_06 6, 14, 2, 10
4_15_22 15, 7, 11, 3
1_21_22 13
2_13_00 4,12
4_31_08 8, 16, 12
2_25_02 4, 12
6_25_02 4, 12, 16, 8, 5, 13
4_29_06 7, 15, 3, 11
7_31_02 5, 13, 1, 9, 10, 2, 6
5_17_08 5, 13, 1, 9, 6
4_31_04 6, 14, 2, 10
7_23_10 7, 15, 3, 11, 16, 8, 12
7_5_00 2, 10, 14, 6, 3, 11, 15
3_2_20 7, 15, 3
8_4_14 8, 16, 4, 12, 9, 1, 5, 13
6_21_16 10, 2, 6, 14, 11, 3
6_23_14 9, 1, 5, 13, 10, 2
5_9_14 10, 2, 6, 14, 11
6_23_08 6, 14, 2, 10, 7, 15
6_3_08 5, 13, 1, 9, 6, 14
4_13_06 7, 15, 3, 11
2_10_10 4, 12
7_23_18 11, 3, 7, 15, 4, 12, 16
8_26_06 6, 14, 2, 10, 7, 15, 3, 11
2_6_02 15, 7
7_18_18 10, 2, 6, 14, 7, 15, 3
8_26_00 3, 11, 15, 7, 4, 12, 16, 8
2_23_10 7, 15
1_8_06 9
3_20_22 8, 16, 12
4_19_00 1, 9, 13, 5
3_2_18 6, 14, 2
6_10_20 13, 5, 9, 1, 10, 2
5_15_22 15, 7, 11, 3, 4
4_4_14 8, 16, 4, 12
7_6_20 12, 4, 8, 16, 9, 1, 5
4_14_14 11, 3, 7, 15
3_2_04 15, 7, 11
6_6_20 12, 4, 8, 16, 9, 1
6_4_16 9, 1, 5, 13, 6, 14
1_24_06 9
7_29_12 10, 2, 6, 14, 7, 15, 3
6_11_08 7, 15, 3, 11, 8, 16
6_19_10 6, 14, 2, 10, 7, 15
4_15_12 10, 2, 6, 14
2_10_02 16, 8
7_22_18 11, 3, 7, 15, 8, 16, 4
5_24_16 10, 2, 6, 14, 15
7_1_00 1, 9, 13, 5, 2, 10, 14
4_24_18 11, 3, 7, 15
2_6_10 3, 11
8_28_08 7, 15, 3, 11, 8, 16, 4, 12
7_3_18 10, 2, 6, 14, 3, 11, 15
1_27_18 4
2_22_12 4, 12
7_22_14 9, 1, 5, 13, 6, 14, 2
6_8_20 12, 4, 8, 16, 9, 1
8_13_00 4, 12, 16, 8, 1, 9, 13, 5
4_19_06 4, 12, 16, 8
3_3_18 10, 2, 14
5_16_10 9, 1, 5, 13, 10
2_28_16 7, 15
3_13_10 9, 1, 5
6_31_02 5, 13, 1, 9, 2, 10
3_21_12 8, 16, 4
1_25_22 14
3_25_10 8, 16, 4
5_22_00 2, 10, 14, 6, 15
1_25_02 4
2_16_22 11, 3
3_23_04 4, 12, 8
4_25_02 4, 12, 16, 8
4_30_04 6, 14, 2, 10
5_23_20 12, 4, 8, 16, 5
2_18_06 16, 8
1_18_22 8
3_6_12 4, 12, 16
4_4_20 11, 3, 7, 15
7_14_14 11, 3, 7, 15, 4, 12, 16
7_21_12 8, 16, 4, 12, 9, 1, 5
8_16_14 11, 3, 7, 15, 8, 16, 4, 12
5_31_18 13, 5, 9, 1, 2
3_26_00 15, 7, 11
8_31_12 10, 2, 6, 14, 7, 15, 3, 11
4_27_12 9, 1, 5, 13
8_23_08 6, 14, 2, 10, 7, 15, 3, 11
2_30_10 5, 13
3_10_06 2, 10, 14
5_12_02 4, 12, 16, 8, 9
5_28_20 13, 5, 9, 1, 2
5_1_08 5, 13, 1, 9, 6
8_19_02 2, 10, 14, 6, 3, 11, 15, 7
7_20_16 9, 1, 5, 13, 14, 6, 10
6_17_20 11, 3, 7, 15, 12, 4
3_3_20 11, 3, 15
6_28_16 11, 3, 7, 15, 8, 16
7_4_02 2, 10, 14, 6, 7, 15, 3
1_12_10 12
5_5_20 12, 4, 8, 16, 13
4_10_10 8, 16, 4, 12
5_19_22 12, 4, 8, 16, 5
5_22_10 7, 15, 3, 11, 4
2_7_06 5, 13
4_5_14 9, 1, 5, 13
3_5_12 8, 16, 4
3_25_02 4, 12, 16
4_29_00 4,12, 16, 8
7_28_10 8, 16, 4, 12, 13, 5, 9
6_9_10 8, 16, 4, 12, 9, 1
5_13_18 13, 5, 9, 1, 10
3_23_14 9, 1, 13
7_24_06 5, 13, 1, 9, 10, 2, 6
3_13_02 5, 13, 1
8_29_20 14, 6, 10, 2, 11, 3, 7, 15
6_27_04 5, 13, 1, 9, 6, 14
7_10_06 6, 14, 2, 10, 3, 11, 15
2_10_04 1, 9
4_4_06 4, 12, 16, 8
7_26_22 14, 6, 10, 2, 11, 3, 7
5_12_10 8, 16, 4, 12, 13
3_2_02 14, 6, 10
3_6_00 14, 6, 10
1_31_16 4
2_19_04 3, 11
4_10_16 11, 3, 7, 15
8_3_08 5, 13, 1, 9, 6, 14, 2, 10
8_11_16 11, 3, 7, 15, 12, 4, 8, 16
8_27_06 6, 14, 2, 10, 7, 15, 3, 11
8_10_06 6, 14, 2, 10, 7, 15, 3, 11
8_30_04 6, 14, 2, 10, 3, 11, 15, 7
8_19_20 11, 3, 7, 15, 12, 4, 8, 16
7_26_18 12, 4, 8, 16, 9, 1, 5
7_7_08 6, 14, 2, 10, 15, 7, 11
1_28_16 15
6_1_16 9, 1, 5, 13, 10, 2
3_5_20 12, 4, 8
5_18_10 6, 14, 2, 10, 3
6_30_16 12, 4, 8, 16, 5, 13
1_13_10 9
5_20_02 2, 10, 14, 6, 7
2_29_22 15, 7
5_6_22 13, 5, 9, 1, 10
2_17_22 12, 4
5_2_00 1, 9, 13, 5, 14
7_7_10 7, 15, 3, 11, 16, 8, 12
8_8_04 4, 12, 16, 8, 5, 13, 1, 9
8_2_06 4, 12, 16, 8, 5, 13, 1, 9
4_30_12 10, 2, 6, 14
6_18_22 12, 4, 8, 16, 9, 1
6_18_00 1, 9, 13, 5, 14, 6
5_10_02 4, 12, 16, 8, 1
1_3_22 4
2_10_14 6, 14
2_20_06 16, 8
2_7_02 3, 11
4_7_12 8, 16, 4, 12
6_25_04 5, 13, 1, 9, 6, 14
6_3_06 4, 12, 16, 8, 5, 13
5_24_22 13, 5, 9, 1, 2
4_26_18 12, 4, 8, 16
7_4_12 7, 15, 3, 11, 12, 4, 8
2_14_12 6, 14
4_7_20 12, 4, 8, 16
2_26_14 6, 14
7_20_22 12, 4, 8, 16, 1, 9, 13
8_25_14 10, 2, 6, 14, 11, 3, 7, 15
3_26_12 5, 13, 1
3_29_04 6, 14, 2
1_15_08 16
3_28_14 6, 14, 10
5_7_18 11, 3, 7, 15, 4
5_12_12 9, 1, 5, 13, 14
3_1_12 7, 15, 3
4_8_06 5, 13, 1, 9
7_9_02 4, 12, 16, 8, 5, 13, 1
7_4_06 4, 12, 16, 8, 9, 1, 5
8_4_18 10, 2, 6, 14, 11, 3, 7, 15
6_3_16 9, 1, 5, 13, 10, 2
3_4_22 8, 16, 12
6_11_06 6, 14, 2, 10, 7, 15
6_22_14 9, 1, 5, 13, 6, 14
7_27_12 9, 1, 5, 13, 2, 10, 14
8_7_14 9, 1, 5, 13, 10, 2, 6, 14
5_30_14 11, 3, 7, 15, 4
2_8_20 8, 16
2_29_10 9, 1
3_31_02 5, 13, 9
7_28_20 13, 5, 9, 1, 2, 10, 14
7_21_06 5, 13, 1, 9, 6, 14, 2
8_19_18 10, 2, 6, 14, 11, 3, 7, 15
8_20_02 2, 10, 14, 6, 3, 11, 15, 7
6_6_04 4, 12, 16, 8, 1, 9
4_9_16 11, 3, 7, 15
1_4_22 16
5_8_12 8, 16, 4, 12, 13
8_14_20 14, 6, 10, 2, 11, 3, 7, 15
4_5_00 2, 10, 14, 6
6_28_22 14, 6, 10, 2, 11, 3
5_21_16 10, 2, 6, 14, 11
3_22_10 3, 11, 15
2_8_06 1, 9
6_27_18 12, 4, 8, 16, 13, 5
2_9_06 6, 14
7_10_08 7, 15, 3, 11, 4, 12, 16
2_21_00 2, 10
3_27_10 8, 16, 12
3_24_22 9, 1, 13
3_28_10 4, 12, 8
3_9_14 10, 2, 6
2_1_04 3, 11
2_22_04 16, 8
6_8_04 4, 12, 16, 8, 1, 9
6_12_00 3, 11, 15, 7, 16, 8
1_18_12 3
5_26_18 12, 4, 8, 16, 9
7_24_12 8, 16, 4, 12, 13, 5, 9
8_15_16 12, 4, 8, 16, 9, 1, 5, 13
7_17_12 7, 15, 3, 11, 8, 16, 4
5_7_04 4, 12, 16, 8, 13
7_17_00 1, 9, 13, 5, 2, 10, 14
7_13_10 9, 1, 5, 13, 6, 14, 2
8_14_18 13, 5, 9, 1, 10, 2, 6, 14
8_6_00 2, 10, 14, 6, 3, 11, 15, 7
3_11_12 9, 1, 13
8_2_22 12, 4, 8, 16, 13, 5, 9, 1
7_30_22 15, 7, 11, 3, 8, 16, 4
5_30_00 4, 12, 16, 8, 13
3_7_06 5, 13, 9
1_1_14 8
4_8_02 3, 11, 15, 7
8_10_00 3, 11, 15, 7, 4, 12, 16, 8
4_26_04 5, 13, 1, 9
1_3_10 14
1_27_16 3
4_5_02 3, 11, 15, 7
6_8_18 11, 3, 7, 15, 8, 16
3_14_22 11, 3, 7
1_16_12 14
1_29_16 12
4_1_16 9, 1, 5, 13
6_30_14 11, 3, 7, 15, 4, 12
7_10_04 5, 13, 1, 9, 2, 10, 14
1_15_10 1
1_4_00 5
1_26_18 8
6_22_22 13, 5, 9, 1, 10, 2
2_18_18 6, 14
4_16_16 12, 4, 8, 16
6_21_12 8, 16, 4, 12, 9, 1
2_1_12 7, 15
3_4_06 16, 8, 4
2_14_04 2, 10
5_14_12 10, 2, 6, 14, 3
7_18_14 8, 16, 4, 12, 5, 13, 1
6_7_14 9, 1, 5, 13, 10, 2
5_7_16 10, 2, 6, 14, 3
3_27_14 10, 2, 14
1_2_18 6
3_28_00 15, 7, 3
1_21_00 2
8_24_10 7, 15, 3, 11, 8, 16, 4, 12
2_12_10 4, 12
1_8_16 14
1_15_00 12
6_7_08 6, 14, 2, 10, 7, 15
6_12_08 7, 15, 3, 11, 4, 12
6_27_20 13, 5, 9, 1, 14, 6
7_16_14 11, 3, 7, 15, 12, 4, 8
4_24_04 4, 12, 16, 8
1_21_08 6
7_23_06 5, 13, 1, 9, 14, 6, 10
3_23_22 13, 5, 1
8_12_22 14, 6, 10, 2, 15, 7, 11, 3
6_3_22 12, 4, 8, 16, 13, 5
7_5_18 11, 3, 7, 15, 12, 4, 8
6_29_18 13, 5, 9, 1, 10, 2
2_24_02 15, 7
5_31_06 7, 15, 3, 11, 12
5_5_02 3, 11, 15, 7, 4
5_17_12 7, 15, 3, 11, 8
7_15_08 8, 16, 4, 12, 13, 5, 9
2_4_04 15, 7
5_2_16 9, 1, 5, 13, 6
8_1_08 5, 13, 1, 9, 6, 14, 2, 10
8_10_10 8, 16, 4, 12, 9, 1, 5, 13
8_11_04 5, 13, 1, 9, 6, 14, 2, 10
1_1_16 9
5_18_04 3, 11, 15, 7, 16
3_7_14 9, 1, 13
4_29_20 14, 6, 10, 2
5_16_02 5, 13, 1, 9, 6
7_4_20 11, 3, 7, 15, 16, 8, 12
6_26_20 13, 5, 9, 1, 10, 2
8_31_08 8, 16, 4, 12, 5, 13, 1, 9
8_11_02 4, 12, 16, 8, 5, 13, 1, 9
4_13_10 9, 1, 5, 13
1_17_22 12
3_24_12 4, 12, 8
3_13_06 7, 15, 3
4_17_16 9, 1, 5, 13
3_31_14 11, 3, 15
4_22_06 5, 13, 1, 9
5_26_06 6, 14, 2, 10, 3
3_19_14 8, 16, 12
3_24_10 3, 11, 7
7_14_16 12, 4, 8, 16, 5, 13, 1
2_29_04 6, 14
6_1_22 12, 4, 8, 16, 13, 5
1_14_00 16
6_20_18 10, 2, 6, 14, 7, 15
5_25_08 7, 15, 3, 11, 8
1_6_20 8
4_29_16 12, 4, 8, 16
