5_18_20 11, 3, 7, 15, 8
5_27_04 5, 13, 1, 9, 14
8_29_22 15, 7, 11, 3, 12, 4, 8, 16
8_5_08 6, 14, 2, 10, 7, 15, 3, 11
1_6_06 1
1_13_14 11
1_10_14 6
5_28_14 10, 2, 6, 14, 15
4_26_06 6, 14, 2, 10
2_4_04 15, 7
6_24_02 3, 11, 15, 7, 16, 8
6_24_06 5, 13, 1, 9, 2, 10
4_11_22 14, 6, 10, 2
3_29_02 5, 13, 1
4_14_04 6, 14, 2, 10
6_31_12 10, 2, 6, 14, 7, 15
7_14_14 11, 3, 7, 15, 4, 12, 16
7_29_00 4, 12, 16, 8, 1, 9, 13
1_8_12 12
1_11_18 4
6_22_12 8, 16, 4, 12, 5, 13
1_7_02 11
6_11_04 5, 13, 1, 9, 6, 14
8_7_06 5, 13, 1, 9, 6, 14, 2, 10
2_21_20 12, 4
4_10_20 13, 5, 9, 1
5_27_20 13, 5, 9, 1, 6
2_3_12 7, 15
2_3_20 11, 3
1_6_20 8
6_14_02 5, 13, 1, 9, 14, 6
1_24_10 11
5_28_20 13, 5, 9, 1, 2
3_30_02 1, 9, 13
1_26_14 6
8_17_02 2, 10, 14, 6, 3, 11, 15, 7
8_28_18 12, 4, 8, 16, 13, 5, 9, 1
1_22_06 1
2_11_14 10, 2
7_20_00 1, 9, 13, 5, 6, 14, 2
4_8_02 3, 11, 15, 7
3_11_00 3, 11, 7
1_26_02 16
6_5_04 4, 12, 16, 8, 5, 13
8_24_12 8, 16, 4, 12, 9, 1, 5, 13
8_4_16 9, 1, 5, 13, 10, 2, 6, 14
3_11_22 14, 6, 2
1_21_12 8
5_30_22 15, 7, 11, 3, 8
4_22_06 5, 13, 1, 9
6_3_10 6, 14, 2, 10, 7, 15
2_29_08 8, 16
8_10_10 8, 16, 4, 12, 9, 1, 5, 13
2_22_12 4, 12
2_10_02 16, 8
2_25_22 14, 6
7_7_08 6, 14, 2, 10, 15, 7, 11
6_31_10 9, 1, 5, 13, 6, 14
5_28_02 4, 12, 16, 8, 9
6_18_12 7, 15, 3, 11, 4, 12
1_11_10 16
4_15_10 9, 1, 5, 13
5_31_02 5, 13, 1, 9, 10
1_18_06 16
7_12_02 4, 12, 16, 8, 9, 1, 5
6_7_22 13, 5, 9, 1, 14, 6
8_13_22 15, 7, 11, 3, 12, 4, 8, 16
7_4_12 7, 15, 3, 11, 12, 4, 8
6_17_04 3, 11, 15, 7, 4, 12
6_3_16 9, 1, 5, 13, 10, 2
4_6_12 8, 16, 4, 12
7_31_02 5, 13, 1, 9, 10, 2, 6
8_4_02 2, 10, 14, 6, 3, 11, 15, 7
1_27_02 12
8_31_02 5, 13, 1, 9, 2, 10, 14, 6
5_6_04 4, 12, 16, 8, 1
6_16_20 14, 6, 10, 2, 7, 15
5_27_08 7, 15, 3, 11, 16
4_24_20 12, 4, 8, 16
2_20_10 2, 10
2_27_22 14, 6
2_24_14 5, 13
3_25_10 8, 16, 4
7_5_00 2, 10, 14, 6, 3, 11, 15
8_16_16 12, 4, 8, 16, 9, 1, 5, 13
4_20_08 5, 13, 1, 9
5_26_14 10, 2, 6, 14, 7
8_9_08 7, 15, 3, 11, 8, 16, 4, 12
7_5_04 4, 12, 16, 8, 5, 13, 1
4_12_04 5, 13, 1, 9
8_3_00 1, 9, 13, 5, 2, 10, 14, 6
3_30_10 5, 13, 1
2_12_14 6, 14
3_13_04 6, 14, 2
7_19_06 4, 12, 16, 8, 13, 5, 9
4_27_16 11, 3, 7, 15
8_26_16 11, 3, 7, 15, 12, 4, 8, 16
2_5_10 7, 15
2_1_10 6, 14
5_16_04 6, 14, 2, 10, 7
8_1_08 5, 13, 1, 9, 6, 14, 2, 10
8_29_12 10, 2, 6, 14, 7, 15, 3, 11
5_23_16 10, 2, 6, 14, 3
6_10_08 7, 15, 3, 11, 4, 12
1_13_04 6
7_22_00 2, 10, 14, 6, 15, 7, 11
5_31_08 8, 16, 4, 12, 13
8_31_20 14, 6, 10, 2, 11, 3, 7, 15
3_3_12 7, 15, 11
1_13_22 15
6_5_10 7, 15, 3, 11, 8, 16
5_8_06 5, 13, 1, 9, 10
5_29_06 7, 15, 3, 11, 4
8_28_00 3, 11, 15, 7, 4, 12, 16, 8
1_19_12 15
5_6_02 3, 11, 15, 7, 16
4_25_18 12, 4, 8, 16
6_19_10 6, 14, 2, 10, 7, 15
4_21_14 9, 1, 5, 13
8_29_16 12, 4, 8, 16, 9, 1, 5, 13
2_25_08 7, 15
7_3_18 10, 2, 6, 14, 3, 11, 15
4_28_14 10, 2, 6, 14
7_3_02 2, 10, 14, 6, 11, 3, 7
2_6_18 7, 15
4_26_10 8, 16, 4, 12
2_10_18 8, 16
7_17_10 6, 14, 2, 10, 7, 15, 3
4_14_16 12, 4, 8, 16
3_14_18 9, 1, 5
4_24_02 3, 11, 15, 7
8_22_06 5, 13, 1, 9, 6, 14, 2, 10
1_22_10 3
4_18_10 6, 14, 2, 10
2_5_18 11, 3
8_28_08 7, 15, 3, 11, 8, 16, 4, 12
8_12_06 6, 14, 2, 10, 7, 15, 3, 11
8_8_10 7, 15, 3, 11, 8, 16, 4, 12
2_20_20 7, 15
7_23_10 7, 15, 3, 11, 16, 8, 12
3_14_00 16, 8, 12
3_19_04 3, 11, 7
3_18_14 4, 12, 16
3_26_08 3, 11, 15
7_13_22 15, 7, 11, 3, 12, 4, 8
4_5_10 7, 15, 3, 11
3_15_06 7, 15, 11
2_2_18 6, 14
7_14_18 13, 5, 9, 1, 6, 14, 2
3_16_00 16, 8, 4
8_5_22 13, 5, 9, 1, 14, 6, 10, 2
4_14_22 15, 7, 11, 3
3_4_08 1, 9, 5
1_23_16 2
8_13_20 14, 6, 10, 2, 11, 3, 7, 15
3_17_14 8, 16, 4
4_20_12 7, 15, 3, 11
7_10_12 9, 1, 5, 13, 6, 14, 2
1_31_10 1
5_5_10 7, 15, 3, 11, 8
4_7_02 3, 11, 15, 7
4_30_20 14, 6, 10, 2
3_18_04 15, 7, 11
2_11_16 11, 3
8_30_06 7, 15, 3, 11, 4, 12, 16, 8
8_9_02 4, 12, 16, 8, 5, 13, 1, 9
6_29_22 15, 7, 11, 3, 12, 4
2_24_02 15, 7
6_3_22 12, 4, 8, 16, 13, 5
2_2_20 7, 15
2_21_18 11, 3
8_27_08 7, 15, 3, 11, 8, 16, 4, 12
5_16_12 10, 2, 6, 14, 11
8_8_12 8, 16, 4, 12, 9, 1, 5, 13
2_27_04 5, 13
2_23_18 11, 3
4_30_12 10, 2, 6, 14
1_8_02 7
6_17_12 7, 15, 3, 11, 8, 16
6_8_20 12, 4, 8, 16, 9, 1
3_12_02 16, 8, 4
1_12_06 10
2_9_12 9, 1
3_7_22 13, 5, 1
1_11_08 15
5_23_06 5, 13, 1, 9, 14
6_12_22 14, 6, 10, 2, 11, 3
3_4_04 15, 7, 3
8_8_02 3, 11, 15, 7, 4, 12, 16, 8
3_30_14 7, 15, 3
3_25_16 11, 3, 7
7_23_14 9, 1, 5, 13, 2, 10, 14
1_26_10 4
3_2_18 6, 14, 2
3_25_02 4, 12, 16
7_14_10 9, 1, 5, 13, 2, 10, 14
8_28_04 5, 13, 1, 9, 6, 14, 2, 10
6_24_20 12, 4, 8, 16, 9, 1
2_2_12 3, 11
6_12_14 10, 2, 6, 14, 7, 15
1_16_08 12
3_1_16 9, 1, 5
6_31_08 8, 16, 4, 12, 5, 13
8_11_00 3, 11, 15, 7, 4, 12, 16, 8
6_9_12 9, 1, 5, 13, 10, 2
3_28_12 5, 13, 9
2_31_14 11, 3
8_17_22 12, 4, 8, 16, 13, 5, 9, 1
6_8_14 9, 1, 5, 13, 6, 14
7_23_00 2, 10, 14, 6, 11, 3, 7
1_18_16 5
8_12_22 14, 6, 10, 2, 15, 7, 11, 3
1_27_14 2
4_5_06 5, 13, 1, 9
2_12_02 16, 8
7_10_20 13, 5, 9, 1, 10, 2, 6
7_20_20 11, 3, 7, 15, 16, 8, 12
8_9_04 5, 13, 1, 9, 6, 14, 2, 10
7_14_12 10, 2, 6, 14, 3, 11, 15
2_9_16 11, 3
5_29_12 10, 2, 6, 14, 7
2_14_16 8, 16
1_25_02 4
6_4_08 5, 13, 1, 9, 2, 10
3_12_20 9, 1, 13
4_12_06 6, 14, 2, 10
5_6_08 6, 14, 2, 10, 3
5_5_08 6, 14, 2, 10, 7
5_28_22 14, 6, 10, 2, 3
2_16_14 7, 15
1_10_00 15
2_20_18 6, 14
3_18_10 2, 10, 14
7_17_14 8, 16, 4, 12, 9, 1, 5
7_8_22 13, 5, 9, 1, 2, 10, 14
4_3_22 12, 4, 8, 16
7_1_02 2, 10, 14, 6, 3, 11, 15
1_18_02 14
6_29_12 10, 2, 6, 14, 7, 15
3_23_00 2, 10, 6
5_25_12 9, 1, 5, 13, 10
4_3_04 3, 11, 15, 7
7_25_12 9, 1, 5, 13, 10, 2, 6
2_2_10 2, 10
8_5_02 3, 11, 15, 7, 4, 12, 16, 8
1_12_00 7
7_11_08 7, 15, 3, 11, 16, 8, 12
4_13_16 12, 4, 8, 16
5_7_00 2, 10, 14, 6, 11
4_4_22 12, 4, 8, 16
1_12_18 16
7_21_00 2, 10, 14, 6, 3, 11, 15
7_8_18 11, 3, 7, 15, 16, 8, 12
4_22_14 9, 1, 5, 13
7_11_00 3, 11, 15, 7, 12, 4, 8
8_23_04 4, 12, 16, 8, 5, 13, 1, 9
2_3_04 3, 11
2_12_10 4, 12
1_31_04 14
4_31_04 6, 14, 2, 10
7_26_04 5, 13, 1, 9, 2, 10, 14
8_29_14 11, 3, 7, 15, 8, 16, 4, 12
7_16_10 9, 1, 5, 13, 10, 2, 6
1_14_00 16
4_29_10 9, 1, 5, 13
3_17_16 9, 1, 5
6_29_04 6, 14, 2, 10, 3, 11
6_11_16 11, 3, 7, 15, 12, 4
2_31_12 10, 2
5_18_08 5, 13, 1, 9, 2
3_3_00 1, 9, 5
8_29_00 4, 12, 16, 8, 1, 9, 13, 5
8_18_00 1, 9, 13, 5, 2, 10, 14, 6
7_31_06 7, 15, 3, 11, 12, 4, 8
6_6_02 3, 11, 15, 7, 16, 8
4_7_00 2, 10, 14, 6
6_13_04 6, 14, 2, 10, 3, 11
5_22_20 12, 4, 8, 16, 9
7_1_00 1, 9, 13, 5, 2, 10, 14
8_31_04 6, 14, 2, 10, 3, 11, 15, 7
5_26_02 4, 12, 16, 8, 1
3_31_16 12, 4, 16
8_19_00 1, 9, 13, 5, 2, 10, 14, 6
8_19_10 6, 14, 2, 10, 7, 15, 3, 11
8_18_14 8, 16, 4, 12, 9, 1, 5, 13
1_7_14 1
3_15_16 12, 4, 16
6_29_16 12, 4, 8, 16, 9, 1
4_28_20 13, 5, 9, 1
1_12_16 15
1_2_18 6
1_29_04 6
8_23_10 7, 15, 3, 11, 8, 16, 4, 12
1_20_16 13
7_5_18 11, 3, 7, 15, 12, 4, 8
5_15_10 9, 1, 5, 13, 14
5_5_22 13, 5, 9, 1, 14
1_5_00 2
6_27_16 11, 3, 7, 15, 12, 4
4_26_00 3, 11, 15, 7
5_2_14 8, 16, 4, 12, 5
3_11_08 7, 15, 11
5_22_02 3, 11, 15, 7, 16
7_7_14 9, 1, 5, 13, 2, 10, 14
1_16_16 16
2_19_10 6, 14
1_11_22 6
3_20_20 7, 15, 11
6_28_08 7, 15, 3, 11, 4, 12
1_1_06 4
3_27_10 8, 16, 12
2_6_02 15, 7
1_22_04 16
2_31_08 8, 16
1_5_18 11
5_27_12 9, 1, 5, 13, 2
3_21_04 4, 12, 16
3_4_02 14, 6, 2
3_31_18 13, 5, 1
4_27_22 14, 6, 10, 2
2_14_08 4, 12
6_16_22 15, 7, 11, 3, 8, 16
8_2_08 5, 13, 1, 9, 6, 14, 2, 10
2_11_02 4, 12
1_12_20 1
2_14_12 6, 14
2_3_08 5, 13
1_3_14 16
6_1_10 6, 14, 2, 10, 7, 15
2_30_04 2, 10
8_12_20 13, 5, 9, 1, 14, 6, 10, 2
4_13_06 7, 15, 3, 11
5_27_22 14, 6, 10, 2, 7
8_7_08 6, 14, 2, 10, 7, 15, 3, 11
5_26_18 12, 4, 8, 16, 9
7_27_02 4, 12, 16, 8, 13, 5, 9
5_8_00 2, 10, 14, 6, 7
8_9_14 10, 2, 6, 14, 11, 3, 7, 15
7_6_06 5, 13, 1, 9, 2, 10, 14
5_6_00 2, 10, 14, 6, 15
5_5_14 9, 1, 5, 13, 10
6_26_22 14, 6, 10, 2, 11, 3
6_26_12 9, 1, 5, 13, 6, 14
8_7_22 13, 5, 9, 1, 14, 6, 10, 2
1_6_22 9
6_30_20 14, 6, 10, 2, 7, 15
7_16_16 12, 4, 8, 16, 13, 5, 9
7_11_12 9, 1, 5, 13, 2, 10, 14
7_29_02 5, 13, 1, 9, 2, 10, 14
3_20_04 15, 7, 3
1_17_04 3
8_29_18 13, 5, 9, 1, 10, 2, 6, 14
6_16_04 6, 14, 2, 10, 15, 7
4_9_12 9, 1, 5, 13
3_11_10 8, 16, 12
3_17_18 10, 2, 6
3_19_08 5, 13, 9
1_5_06 5
6_19_12 7, 15, 3, 11, 8, 16
1_10_16 7
1_21_10 7
7_19_04 3, 11, 15, 7, 12, 4, 8
5_25_00 3, 11, 15, 7, 4
2_17_22 12, 4
7_7_16 10, 2, 6, 14, 3, 11, 15
7_4_06 4, 12, 16, 8, 9, 1, 5
3_6_08 2, 10, 14
5_11_02 4, 12, 16, 8, 13
2_14_18 9, 1
4_4_14 8, 16, 4, 12
7_1_18 10, 2, 6, 14, 11, 3, 7
4_16_20 14, 6, 10, 2
5_1_00 1, 9, 13, 5, 2
8_24_04 4, 12, 16, 8, 5, 13, 1, 9
4_20_14 8, 16, 4, 12
1_28_20 1
2_23_14 9, 1
1_6_08 2
5_25_16 11, 3, 7, 15, 12
7_26_16 11, 3, 7, 15, 8, 16, 4
4_11_20 13, 5, 9, 1
5_13_16 12, 4, 8, 16, 9
4_24_08 6, 14, 2, 10
2_1_20 11, 3
5_22_06 5, 13, 1, 9, 2
6_4_06 4, 12, 16, 8, 1, 9
3_8_20 8, 16, 12
7_9_06 6, 14, 2, 10, 7, 15, 3
7_9_22 14, 6, 10, 2, 15, 7, 11
2_17_20 11, 3
3_16_16 8, 16, 12
1_18_22 8
5_13_08 8, 16, 4, 12, 5
4_6_14 9, 1, 5, 13
8_1_04 3, 11, 15, 7, 4, 12, 16, 8
7_16_06 7, 15, 3, 11, 8, 16, 4
7_23_20 12, 4, 8, 16, 5, 13, 1
3_22_00 14, 6, 10
4_27_08 7, 15, 3, 11
3_29_08 8, 16, 4
5_9_22 14, 6, 10, 2, 15
3_22_20 8, 16, 4
2_19_04 3, 11
7_17_08 5, 13, 1, 9, 6, 14, 2
3_2_02 14, 6, 10
5_31_06 7, 15, 3, 11, 12
8_30_00 4, 12, 16, 8, 1, 9, 13, 5
2_4_08 1, 9
8_9_20 13, 5, 9, 1, 14, 6, 10, 2
4_29_18 13, 5, 9, 1
7_1_14 8, 16, 4, 12, 9, 1, 5
5_20_06 4, 12, 16, 8, 9
6_24_10 7, 15, 3, 11, 4, 12
5_22_22 13, 5, 9, 1, 10
1_17_06 4
4_16_08 8, 16, 4, 12
4_29_08 8, 16, 4, 12
2_15_06 7, 15
7_8_16 10, 2, 6, 14, 15, 7, 11
4_28_02 4, 12, 16, 8
4_2_16 9, 1, 5, 13
5_10_16 11, 3, 7, 15, 8
5_8_20 12, 4, 8, 16, 1
7_6_16 10, 2, 6, 14, 7, 15, 3
7_4_00 1, 9, 13, 5, 6, 14, 2
3_31_12 10, 2, 14
6_29_14 11, 3, 7, 15, 8, 16
7_22_20 12, 4, 8, 16, 9, 1, 5
7_10_06 6, 14, 2, 10, 3, 11, 15
6_30_00 4, 12, 16, 8, 13, 5
7_20_18 10, 2, 6, 14, 15, 7, 11
5_9_12 9, 1, 5, 13, 10
4_17_12 7, 15, 3, 11
6_1_04 3, 11, 15, 7, 4, 12
8_20_10 6, 14, 2, 10, 7, 15, 3, 11
7_8_10 7, 15, 3, 11, 12, 4, 8
6_19_18 10, 2, 6, 14, 11, 3
4_29_04 6, 14, 2, 10
2_27_06 6, 14
2_11_18 12, 4
4_10_02 4, 12, 16, 8
5_9_08 7, 15, 3, 11, 8
5_18_12 7, 15, 3, 11, 4
1_23_04 12
2_26_04 1, 9
3_11_14 10, 2, 14
7_2_02 2, 10, 14, 6, 15, 7, 11
1_26_12 5
1_9_22 14
2_16_18 9, 1
3_14_12 6, 14, 2
8_19_02 2, 10, 14, 6, 3, 11, 15, 7
4_7_20 12, 4, 8, 16
8_17_00 1, 9, 13, 5, 2, 10, 14, 6
4_26_20 13, 5, 9, 1
5_29_04 6, 14, 2, 10, 3
7_31_00 4, 12, 16, 8, 9, 1, 5
7_25_10 8, 16, 4, 12, 9, 1, 5
4_19_12 7, 15, 3, 11
8_6_08 6, 14, 2, 10, 7, 15, 3, 11
3_22_14 5, 13, 1
5_14_14 11, 3, 7, 15, 4
2_14_02 1, 9
2_7_14 9, 1
2_31_10 9, 1
1_15_22 7
3_8_10 3, 11, 7
8_26_02 4, 12, 16, 8, 5, 13, 1, 9
2_18_14 4, 12
5_12_12 9, 1, 5, 13, 14
4_23_06 5, 13, 1, 9
5_5_20 12, 4, 8, 16, 13
6_12_00 3, 11, 15, 7, 16, 8
2_5_02 3, 11
6_29_08 8, 16, 4, 12, 5, 13
3_1_04 3, 11, 15
2_28_06 2, 10
2_27_12 9, 1
6_15_22 15, 7, 11, 3, 12, 4
6_2_20 11, 3, 7, 15, 8, 16
1_21_04 4
1_24_08 10
8_1_16 9, 1, 5, 13, 10, 2, 6, 14
8_27_02 4, 12, 16, 8, 5, 13, 1, 9
7_16_18 13, 5, 9, 1, 14, 6, 10
4_7_06 5, 13, 1, 9
1_17_20 11
3_5_08 6, 14, 2
3_20_12 3, 11, 7
5_19_18 10, 2, 6, 14, 3
5_1_06 4, 12, 16, 8, 5
5_7_12 8, 16, 4, 12, 1
2_17_04 3, 11
8_22_16 10, 2, 6, 14, 11, 3, 7, 15
8_25_12 9, 1, 5, 13, 10, 2, 6, 14
5_18_16 9, 1, 5, 13, 6
7_1_06 4, 12, 16, 8, 5, 13, 1
1_27_04 13
2_2_08 1, 9
1_12_04 9
2_16_22 11, 3
5_24_22 13, 5, 9, 1, 2
8_10_16 11, 3, 7, 15, 12, 4, 8, 16
5_20_04 3, 11, 15, 7, 8
8_14_08 8, 16, 4, 12, 5, 13, 1, 9
4_23_04 4, 12, 16, 8
4_22_04 4, 12, 16, 8
7_29_20 14, 6, 10, 2, 11, 3, 7
7_4_02 2, 10, 14, 6, 7, 15, 3
2_8_20 8, 16
6_16_18 13, 5, 9, 1, 6, 14
8_10_22 14, 6, 10, 2, 15, 7, 11, 3
7_7_02 3, 11, 15, 7, 12, 4, 8
7_29_22 15, 7, 11, 3, 12, 4, 8
1_16_20 2
1_3_16 1
1_4_04 7
1_23_12 16
1_28_12 13
6_15_08 8, 16, 4, 12, 5, 13
4_19_06 4, 12, 16, 8
6_29_00 4, 12, 16, 8, 1, 9
8_6_00 2, 10, 14, 6, 3, 11, 15, 7
5_23_00 2, 10, 14, 6, 11
4_6_04 4, 12, 16, 8
8_14_18 13, 5, 9, 1, 10, 2, 6, 14
1_19_16 1
8_5_12 8, 16, 4, 12, 9, 1, 5, 13
8_27_20 13, 5, 9, 1, 14, 6, 10, 2
1_19_06 12
6_11_02 4, 12, 16, 8, 5, 13
2_16_02 1, 9
1_25_18 12
8_10_06 6, 14, 2, 10, 7, 15, 3, 11
2_13_08 8, 16
8_18_08 5, 13, 1, 9, 6, 14, 2, 10
4_4_20 11, 3, 7, 15
4_12_16 11, 3, 7, 15
2_22_06 1, 9
8_6_10 7, 15, 3, 11, 8, 16, 4, 12
6_30_04 6, 14, 2, 10, 15, 7
4_25_00 3, 11, 15, 7
5_19_14 8, 16, 4, 12, 1
7_18_02 2, 10, 14, 6, 15, 7, 11
1_22_18 7
2_1_22 12, 4
2_29_00 4,12
1_24_12 12
6_13_08 8, 16, 4, 12, 5, 13
6_21_02 3, 11, 15, 7, 4, 12
1_3_08 13
8_15_18 13, 5, 9, 1, 10, 2, 6, 14
7_30_10 9, 1, 5, 13, 2, 10, 14
8_29_08 8, 16, 4, 12, 5, 13, 1, 9
1_24_16 14
3_11_20 13, 5, 1
3_25_14 10, 2, 6
3_3_20 11, 3, 15
3_10_02 16, 8, 12
7_3_16 9, 1, 5, 13, 2, 10, 14
8_15_06 7, 15, 3, 11, 4, 12, 16, 8
4_19_00 1, 9, 13, 5
6_27_02 4, 12, 16, 8, 5, 13
7_31_14 11, 3, 7, 15, 16, 8, 12
4_19_14 8, 16, 4, 12
1_8_18 15
6_6_16 10, 2, 6, 14, 7, 15
7_7_18 11, 3, 7, 15, 4, 12, 16
7_6_12 8, 16, 4, 12, 5, 13, 1
5_27_10 8, 16, 4, 12, 1
4_16_16 12, 4, 8, 16
5_9_14 10, 2, 6, 14, 11
5_21_06 5, 13, 1, 9, 6
3_8_08 2, 10, 6
4_13_08 8, 16, 4, 12
1_20_12 11
4_19_16 9, 1, 5, 13
2_22_08 2, 10
4_2_10 6, 14, 2, 10
2_19_12 7, 15
2_27_08 7, 15
1_26_06 2
7_17_16 9, 1, 5, 13, 10, 2, 6
4_18_18 10, 2, 6, 14
6_26_16 11, 3, 7, 15, 8, 16
8_15_02 5, 13, 1, 9, 2, 10, 14, 6
2_25_04 5, 13
1_14_18 9
3_10_12 5, 13, 1
7_10_16 11, 3, 7, 15, 8, 16, 4
7_12_20 13, 5, 9, 1, 2, 10, 14
5_23_20 12, 4, 8, 16, 5
3_23_04 4, 12, 8
2_10_08 3, 11
5_11_04 5, 13, 1, 9, 14
4_19_02 2, 10, 14, 6
3_3_18 10, 2, 14
4_2_20 11, 3, 7, 15
4_4_12 7, 15, 3, 11
8_1_14 8, 16, 4, 12, 9, 1, 5, 13
2_18_20 7, 15
3_26_16 7, 15, 3
6_18_08 5, 13, 1, 9, 2, 10
1_25_08 7
2_27_02 4, 12
1_20_10 10
6_10_14 10, 2, 6, 14, 7, 15
5_4_16 9, 1, 5, 13, 14
5_2_02 2, 10, 14, 6, 15
6_10_22 14, 6, 10, 2, 11, 3
6_20_00 1, 9, 13, 5, 14, 6
7_22_12 8, 16, 4, 12, 5, 13, 1
8_24_16 10, 2, 6, 14, 11, 3, 7, 15
3_25_04 5, 13, 1
7_15_16 12, 4, 8, 16, 1, 9, 13
1_12_10 12
1_4_14 12
8_16_02 5, 13, 1, 9, 2, 10, 14, 6
1_3_02 10
2_9_04 5, 13
2_4_06 16, 8
4_24_14 9, 1, 5, 13
6_10_12 9, 1, 5, 13, 6, 14
5_6_06 5, 13, 1, 9, 2
5_1_16 9, 1, 5, 13, 10
3_21_20 12, 4, 8
8_23_16 10, 2, 6, 14, 11, 3, 7, 15
1_22_00 14
5_4_12 7, 15, 3, 11, 12
7_17_02 2, 10, 14, 6, 3, 11, 15
3_6_18 7, 15, 3
4_28_12 9, 1, 5, 13
6_21_08 6, 14, 2, 10, 7, 15
3_4_14 4, 12, 8
6_31_04 6, 14, 2, 10, 3, 11
1_15_04 14
2_26_12 5, 13
4_1_16 9, 1, 5, 13
5_21_10 7, 15, 3, 11, 8
6_9_14 10, 2, 6, 14, 11, 3
6_9_06 6, 14, 2, 10, 7, 15
6_7_14 9, 1, 5, 13, 10, 2
6_5_06 5, 13, 1, 9, 6, 14
3_1_10 6, 14, 2
1_21_18 11
8_3_02 2, 10, 14, 6, 3, 11, 15, 7
6_2_08 5, 13, 1, 9, 2, 10
8_20_14 8, 16, 4, 12, 9, 1, 5, 13
3_19_18 10, 2, 14
2_25_10 8, 16
3_29_04 6, 14, 2
8_17_18 10, 2, 6, 14, 11, 3, 7, 15
3_9_12 9, 1, 5
5_24_12 8, 16, 4, 12, 13
2_12_12 5, 13
6_26_18 12, 4, 8, 16, 9, 1
1_22_08 2
4_11_06 6, 14, 2, 10
4_1_08 5, 13, 1, 9
1_16_06 11
2_30_00 16, 8
3_16_14 7, 15, 11
2_11_04 5, 13
4_20_02 2, 10, 14, 6
1_16_04 10
4_17_16 9, 1, 5, 13
6_27_22 14, 6, 10, 2, 15, 7
8_20_02 2, 10, 14, 6, 3, 11, 15, 7
5_12_02 4, 12, 16, 8, 9
8_26_06 6, 14, 2, 10, 7, 15, 3, 11
1_9_00 3
1_1_00 1
5_29_10 9, 1, 5, 13, 6
8_22_22 13, 5, 9, 1, 14, 6, 10, 2
1_23_20 4
3_31_00 4,12, 8
7_8_14 9, 1, 5, 13, 14, 6, 10
6_13_14 11, 3, 7, 15, 8, 16
8_13_08 8, 16, 4, 12, 5, 13, 1, 9
6_23_10 7, 15, 3, 11, 8, 16
3_21_00 2, 10, 14
2_24_04 16, 8
7_3_00 1, 9, 13, 5, 10, 2, 6
5_15_22 15, 7, 11, 3, 4
2_28_02 16, 8
1_1_20 11
4_3_14 8, 16, 4, 12
2_7_22 13, 5
4_31_14 11, 3, 7, 15
8_16_18 13, 5, 9, 1, 10, 2, 6, 14
6_4_12 7, 15, 3, 11, 4, 12
4_17_00 1, 9, 13, 5
2_14_00 16, 8
3_9_16 11, 3, 7
2_9_18 12, 4
6_6_18 11, 3, 7, 15, 8, 16
5_10_20 13, 5, 9, 1, 10
4_23_00 2, 10, 14, 6
8_25_06 6, 14, 2, 10, 7, 15, 3, 11
8_18_16 9, 1, 5, 13, 10, 2, 6, 14
8_30_22 15, 7, 11, 3, 12, 4, 8, 16
8_23_12 8, 16, 4, 12, 9, 1, 5, 13
2_13_14 11, 3
4_6_22 13, 5, 9, 1
3_19_00 1, 9, 5
6_27_14 10, 2, 6, 14, 11, 3
2_27_00 3, 11
5_18_04 3, 11, 15, 7, 16
7_18_16 9, 1, 5, 13, 6, 14, 2
4_7_08 6, 14, 2, 10
3_20_22 8, 16, 12
7_26_12 9, 1, 5, 13, 6, 14, 2
2_5_20 12, 4
2_10_00 15, 7
5_20_02 2, 10, 14, 6, 7
4_8_08 6, 14, 2, 10
7_22_22 13, 5, 9, 1, 10, 2, 6
6_30_14 11, 3, 7, 15, 4, 12
7_26_00 3, 11, 15, 7, 16, 8, 12
2_7_04 4, 12
7_19_16 9, 1, 5, 13, 2, 10, 14
1_11_12 1
5_19_02 2, 10, 14, 6, 11
3_31_20 14, 6, 2
2_19_00 1, 9
3_20_14 4, 12, 8
1_3_20 3
4_30_08 8, 16, 4, 12
8_21_20 12, 4, 8, 16, 13, 5, 9, 1
5_23_04 4, 12, 16, 8, 13
7_21_14 9, 1, 5, 13, 10, 2, 6
2_17_06 4, 12
3_11_04 5, 13, 9
1_12_02 8
7_25_00 3, 11, 15, 7, 4, 12, 16
6_17_20 11, 3, 7, 15, 12, 4
1_8_08 10
3_10_22 10, 2, 6
2_16_10 5, 13
2_26_22 10, 2
3_2_10 2, 10, 14
1_24_20 16
7_19_10 6, 14, 2, 10, 15, 7, 11
4_28_16 11, 3, 7, 15
6_15_20 14, 6, 10, 2, 11, 3
6_3_02 2, 10, 14, 6, 3, 11
4_23_10 7, 15, 3, 11
7_12_08 7, 15, 3, 11, 12, 4, 8
6_7_02 3, 11, 15, 7, 4, 12
2_15_20 14, 6
6_18_06 4, 12, 16, 8, 1, 9
5_4_02 2, 10, 14, 6, 7
5_10_00 3, 11, 15, 7, 16
3_27_12 9, 1, 13
7_6_04 4, 12, 16, 8, 1, 9, 13
3_12_22 10, 2, 14
7_3_14 8, 16, 4, 12, 1, 9, 13
8_25_20 13, 5, 9, 1, 14, 6, 10, 2
8_1_02 2, 10, 14, 6, 3, 11, 15, 7
2_17_10 6, 14
7_12_18 12, 4, 8, 16, 1, 9, 13
4_27_00 3, 11, 15, 7
6_18_16 9, 1, 5, 13, 6, 14
4_27_20 13, 5, 9, 1
6_2_06 4, 12, 16, 8, 1, 9
1_10_06 2
6_15_04 6, 14, 2, 10, 3, 11
5_9_06 6, 14, 2, 10, 7
8_16_10 9, 1, 5, 13, 6, 14, 2, 10
8_14_12 10, 2, 6, 14, 7, 15, 3, 11
6_10_00 3, 11, 15, 7, 16, 8
5_24_18 11, 3, 7, 15, 16
6_20_10 6, 14, 2, 10, 3, 11
5_9_16 11, 3, 7, 15, 12
4_8_20 12, 4, 8, 16
1_19_02 10
1_18_12 3
7_6_02 3, 11, 15, 7, 16, 8, 12
7_7_20 12, 4, 8, 16, 5, 13, 1
5_27_02 4, 12, 16, 8, 13
7_24_14 9, 1, 5, 13, 14, 6, 10
6_8_10 7, 15, 3, 11, 4, 12
2_10_12 5, 13
3_5_14 9, 1, 5
6_26_04 5, 13, 1, 9, 2, 10
7_13_12 10, 2, 6, 14, 7, 15, 3
7_5_02 3, 11, 15, 7, 4, 12, 16
4_16_22 15, 7, 11, 3
1_2_00 13
7_18_00 1, 9, 13, 5, 14, 6, 10
1_27_20 5
6_17_08 5, 13, 1, 9, 6, 14
8_17_14 8, 16, 4, 12, 9, 1, 5, 13
5_6_14 9, 1, 5, 13, 6
1_29_02 5
6_9_10 8, 16, 4, 12, 9, 1
1_20_20 15
4_21_06 5, 13, 1, 9
8_25_16 11, 3, 7, 15, 12, 4, 8, 16
4_30_10 9, 1, 5, 13
3_1_08 5, 13, 1
8_19_20 11, 3, 7, 15, 12, 4, 8, 16
8_10_14 10, 2, 6, 14, 11, 3, 7, 15
5_3_10 6, 14, 2, 10, 15
6_11_20 13, 5, 9, 1, 14, 6
7_24_16 10, 2, 6, 14, 15, 7, 11
6_5_16 10, 2, 6, 14, 11, 3
3_6_06 1, 9, 13
6_25_18 12, 4, 8, 16, 13, 5
2_31_04 6, 14
7_31_04 6, 14, 2, 10, 11, 3, 7
6_23_02 3, 11, 15, 7, 4, 12
5_18_02 2, 10, 14, 6, 15
3_10_08 3, 11, 15
5_9_18 12, 4, 8, 16, 13
6_15_10 9, 1, 5, 13, 6, 14
7_31_18 13, 5, 9, 1, 2, 10, 14
3_24_06 1, 9, 5
5_5_06 5, 13, 1, 9, 6
5_31_12 10, 2, 6, 14, 15
1_27_18 4
7_30_16 12, 4, 8, 16, 5, 13, 1
5_14_04 6, 14, 2, 10, 15
5_21_12 8, 16, 4, 12, 9
4_27_04 5, 13, 1, 9
5_4_14 8, 16, 4, 12, 13
1_17_22 12
7_10_18 12, 4, 8, 16, 9, 1, 5
7_20_02 2, 10, 14, 6, 7, 15, 3
5_30_18 13, 5, 9, 1, 6
8_21_22 13, 5, 9, 1, 14, 6, 10, 2
1_12_12 13
6_4_20 11, 3, 7, 15, 8, 16
5_10_06 6, 14, 2, 10, 3
3_28_16 7, 15, 11
2_18_06 16, 8
8_8_00 2, 10, 14, 6, 3, 11, 15, 7
5_10_14 10, 2, 6, 14, 7
8_13_16 12, 4, 8, 16, 9, 1, 5, 13
6_1_08 5, 13, 1, 9, 6, 14
3_10_10 4, 12, 16
4_4_00 1, 9, 13, 5
7_6_14 9, 1, 5, 13, 6, 14, 2
8_25_00 3, 11, 15, 7, 4, 12, 16, 8
1_22_22 9
2_8_16 6, 14
6_19_06 4, 12, 16, 8, 5, 13
3_7_06 5, 13, 9
3_13_12 10, 2, 6
1_26_22 10
2_1_06 4, 12
7_30_20 14, 6, 10, 2, 7, 15, 3
6_30_08 8, 16, 4, 12, 1, 9
4_17_14 8, 16, 4, 12
2_16_04 2, 10
5_14_10 9, 1, 5, 13, 2
1_28_04 9
8_15_08 8, 16, 4, 12, 5, 13, 1, 9
5_17_12 7, 15, 3, 11, 8
7_10_02 4, 12, 16, 8, 1, 9, 13
1_28_02 8
1_25_00 3
4_8_18 11, 3, 7, 15
1_24_00 6
3_18_22 8, 16, 4
6_17_00 1, 9, 13, 5, 2, 10
6_1_02 2, 10, 14, 6, 3, 11
5_23_18 11, 3, 7, 15, 4
3_4_18 6, 14, 10
8_27_04 5, 13, 1, 9, 6, 14, 2, 10
8_5_14 9, 1, 5, 13, 10, 2, 6, 14
3_31_06 7, 15, 11
3_3_16 9, 1, 13
6_27_20 13, 5, 9, 1, 14, 6
2_1_18 10, 2
7_13_08 8, 16, 4, 12, 5, 13, 1
5_16_10 9, 1, 5, 13, 10
6_25_14 10, 2, 6, 14, 11, 3
2_23_00 2, 10
3_25_20 13, 5, 9
8_11_10 8, 16, 4, 12, 9, 1, 5, 13
8_29_04 6, 14, 2, 10, 3, 11, 15, 7
4_28_04 5, 13, 1, 9
5_20_00 1, 9, 13, 5, 6
1_10_08 3
6_19_14 8, 16, 4, 12, 9, 1
2_25_14 10, 2
3_29_10 9, 1, 5
5_15_16 12, 4, 8, 16, 1
5_3_08 5, 13, 1, 9, 14
1_25_22 14
1_5_02 3
2_30_02 1, 9
2_3_18 10, 2
4_22_18 11, 3, 7, 15
2_16_12 6, 14
8_4_06 4, 12, 16, 8, 5, 13, 1, 9
4_28_08 7, 15, 3, 11
6_27_08 7, 15, 3, 11, 8, 16
8_19_08 5, 13, 1, 9, 6, 14, 2, 10
6_19_02 2, 10, 14, 6, 3, 11
1_29_00 4
8_13_10 9, 1, 5, 13, 6, 14, 2, 10
5_10_22 14, 6, 10, 2, 11
3_25_12 9, 1, 5
3_27_08 7, 15, 11
7_8_04 4, 12, 16, 8, 9, 1, 5
8_22_10 7, 15, 3, 11, 8, 16, 4, 12
2_16_16 8, 16
4_10_06 6, 14, 2, 10
4_11_14 10, 2, 6, 14
2_28_08 3, 11
6_8_12 8, 16, 4, 12, 5, 13
4_1_22 12, 4, 8, 16
5_3_02 2, 10, 14, 6, 11
6_27_18 12, 4, 8, 16, 13, 5
4_5_12 8, 16, 4, 12
4_26_16 11, 3, 7, 15
8_7_00 2, 10, 14, 6, 3, 11, 15, 7
1_31_16 4
6_10_10 8, 16, 4, 12, 5, 13
3_7_18 11, 3, 15
4_11_12 9, 1, 5, 13
1_1_12 7
4_21_12 8, 16, 4, 12
6_7_00 2, 10, 14, 6, 3, 11
3_11_02 4, 12, 8
3_22_04 16, 8, 12
4_20_00 1, 9, 13, 5
8_31_00 4, 12, 16, 8, 1, 9, 13, 5
2_18_04 15, 7
3_10_04 1, 9, 13
1_25_16 11
1_5_10 7
7_22_04 4, 12, 16, 8, 1, 9, 13
5_21_08 6, 14, 2, 10, 7
3_23_22 13, 5, 1
7_13_20 14, 6, 10, 2, 11, 3, 7
7_7_12 8, 16, 4, 12, 1, 9, 13
6_31_18 13, 5, 9, 1, 10, 2
5_24_08 6, 14, 2, 10, 11
5_8_18 11, 3, 7, 15, 16
4_24_04 4, 12, 16, 8
1_6_16 6
6_16_08 8, 16, 4, 12, 1, 9
7_10_22 14, 6, 10, 2, 11, 3, 7
2_7_20 12, 4
3_6_02 15, 7, 11
3_18_16 5, 13, 1
8_3_14 8, 16, 4, 12, 9, 1, 5, 13
8_22_14 9, 1, 5, 13, 10, 2, 6, 14
7_24_12 8, 16, 4, 12, 13, 5, 9
5_4_06 4, 12, 16, 8, 9
7_30_12 10, 2, 6, 14, 3, 11, 15
5_3_18 10, 2, 6, 14, 3
6_29_06 7, 15, 3, 11, 4, 12
3_1_14 8, 16, 4
1_13_08 8
3_26_20 9, 1, 5
4_29_22 15, 7, 11, 3
6_15_12 10, 2, 6, 14, 7, 15
5_12_18 12, 4, 8, 16, 1
3_16_04 2, 10, 6
2_31_00 4,12
5_19_00 1, 9, 13, 5, 10
1_5_14 9
6_26_00 3, 11, 15, 7, 16, 8
3_8_02 15, 7, 3
2_5_00 2, 10
6_23_00 2, 10, 14, 6, 3, 11
1_25_12 9
3_25_00 3, 11, 15
4_14_00 4,12, 16, 8
2_8_06 1, 9
8_30_14 11, 3, 7, 15, 8, 16, 4, 12
5_5_04 4, 12, 16, 8, 5
8_25_02 4, 12, 16, 8, 5, 13, 1, 9
3_2_08 1, 9, 13
3_12_00 15, 7, 3
7_17_20 11, 3, 7, 15, 12, 4, 8
2_3_02 2, 10
8_9_16 11, 3, 7, 15, 12, 4, 8, 16
1_29_22 15
6_14_06 7, 15, 3, 11, 16, 8
7_15_12 10, 2, 6, 14, 15, 7, 11
2_12_08 3, 11
3_28_10 4, 12, 8
8_4_20 11, 3, 7, 15, 12, 4, 8, 16
2_23_22 13, 5
4_27_18 12, 4, 8, 16
5_22_12 8, 16, 4, 12, 5
2_17_02 2, 10
6_14_20 14, 6, 10, 2, 7, 15
4_31_02 5, 13, 1, 9
4_24_00 2, 10, 14, 6
2_19_16 9, 1
2_9_06 6, 14
6_7_08 6, 14, 2, 10, 7, 15
5_11_16 11, 3, 7, 15, 4
3_11_18 12, 4, 16
5_4_08 5, 13, 1, 9, 10
7_28_02 4, 12, 16, 8, 9, 1, 5
7_21_18 11, 3, 7, 15, 12, 4, 8
1_20_02 6
7_15_04 6, 14, 2, 10, 11, 3, 7
4_3_12 7, 15, 3, 11
3_20_08 1, 9, 5
2_1_08 5, 13
6_28_16 11, 3, 7, 15, 8, 16
5_16_08 8, 16, 4, 12, 9
3_21_18 11, 3, 7
3_4_12 3, 11, 7
2_13_16 12, 4
6_14_10 9, 1, 5, 13, 2, 10
3_20_16 5, 13, 9
6_24_22 13, 5, 9, 1, 10, 2
6_4_10 6, 14, 2, 10, 3, 11
3_23_18 11, 3, 15
3_21_14 9, 1, 5
2_18_02 14, 6
3_22_06 1, 9, 13
7_9_16 11, 3, 7, 15, 12, 4, 8
1_23_18 3
6_31_06 7, 15, 3, 11, 4, 12
6_15_14 11, 3, 7, 15, 8, 16
7_22_18 11, 3, 7, 15, 8, 16, 4
1_8_04 8
6_3_00 1, 9, 13, 5, 2, 10
4_12_08 7, 15, 3, 11
8_14_04 6, 14, 2, 10, 3, 11, 15, 7
6_13_18 13, 5, 9, 1, 10, 2
4_11_16 11, 3, 7, 15
1_14_16 8
3_20_02 14, 6, 2
7_14_02 5, 13, 1, 9, 14, 6, 10
6_5_12 8, 16, 4, 12, 9, 1
8_1_18 10, 2, 6, 14, 11, 3, 7, 15
8_20_16 9, 1, 5, 13, 10, 2, 6, 14
4_31_10 9, 1, 5, 13
3_17_10 6, 14, 2
3_26_02 16, 8, 12
8_26_14 10, 2, 6, 14, 11, 3, 7, 15
1_8_22 1
1_9_06 6
4_2_08 5, 13, 1, 9
2_25_02 4, 12
2_31_16 12, 4
6_19_04 3, 11, 15, 7, 4, 12
2_6_20 8, 16
8_8_14 9, 1, 5, 13, 10, 2, 6, 14
8_2_04 3, 11, 15, 7, 4, 12, 16, 8
4_10_12 9, 1, 5, 13
6_8_06 5, 13, 1, 9, 2, 10
8_24_06 5, 13, 1, 9, 6, 14, 2, 10
2_7_12 8, 16
1_31_22 7
4_13_14 11, 3, 7, 15
3_9_14 10, 2, 6
3_27_16 11, 3, 15
2_15_10 9, 1
2_21_12 8, 16
3_9_04 5, 13, 1
6_12_16 11, 3, 7, 15, 8, 16
7_3_08 5, 13, 1, 9, 14, 6, 10
5_11_10 8, 16, 4, 12, 1
3_22_12 4, 12, 16
6_13_12 10, 2, 6, 14, 7, 15
8_25_18 12, 4, 8, 16, 13, 5, 9, 1
7_14_16 12, 4, 8, 16, 5, 13, 1
8_12_10 8, 16, 4, 12, 9, 1, 5, 13
4_8_12 8, 16, 4, 12
3_13_06 7, 15, 3
3_27_00 3, 11, 7
6_17_06 4, 12, 16, 8, 5, 13
3_1_18 10, 2, 6
4_5_14 9, 1, 5, 13
8_13_04 6, 14, 2, 10, 3, 11, 15, 7
6_18_20 11, 3, 7, 15, 8, 16
2_1_14 8, 16
3_7_16 10, 2, 14
