3_4_18 6, 14, 10
7_18_14 8, 16, 4, 12, 5, 13, 1
1_30_10 5
5_5_06 5, 13, 1, 9, 6
1_12_18 16
1_12_08 11
1_30_00 16
5_11_00 3, 11, 15, 7, 12
5_10_02 4, 12, 16, 8, 1
2_15_10 9, 1
8_24_14 9, 1, 5, 13, 10, 2, 6, 14
6_29_00 4, 12, 16, 8, 1, 9
8_8_04 4, 12, 16, 8, 5, 13, 1, 9
8_27_00 3, 11, 15, 7, 4, 12, 16, 8
5_6_20 12, 4, 8, 16, 9
1_5_10 7
1_29_04 6
1_18_04 15
4_19_12 7, 15, 3, 11
7_8_20 12, 4, 8, 16, 1, 9, 13
7_28_02 4, 12, 16, 8, 9, 1, 5
5_24_18 11, 3, 7, 15, 16
5_18_02 2, 10, 14, 6, 15
2_2_00 13, 5
2_25_04 5, 13
5_18_22 12, 4, 8, 16, 9
8_21_06 5, 13, 1, 9, 6, 14, 2, 10
5_15_12 10, 2, 6, 14, 15
6_11_06 6, 14, 2, 10, 7, 15
2_18_06 16, 8
8_10_14 10, 2, 6, 14, 11, 3, 7, 15
2_24_12 4, 12
2_15_08 8, 16
1_22_06 1
2_30_16 8, 16
8_1_06 4, 12, 16, 8, 5, 13, 1, 9
8_29_22 15, 7, 11, 3, 12, 4, 8, 16
1_8_20 16
8_15_20 14, 6, 10, 2, 11, 3, 7, 15
7_29_22 15, 7, 11, 3, 12, 4, 8
3_30_20 10, 2, 6
6_26_10 8, 16, 4, 12, 5, 13
7_23_12 8, 16, 4, 12, 1, 9, 13
5_23_10 7, 15, 3, 11, 16
6_3_00 1, 9, 13, 5, 2, 10
4_22_00 2, 10, 14, 6
5_2_20 11, 3, 7, 15, 8
1_15_04 14
6_28_10 8, 16, 4, 12, 5, 13
1_26_04 1
1_28_12 13
7_4_22 12, 4, 8, 16, 1, 9, 13
8_30_22 15, 7, 11, 3, 12, 4, 8, 16
6_13_18 13, 5, 9, 1, 10, 2
6_13_22 15, 7, 11, 3, 12, 4
2_31_12 10, 2
7_13_02 5, 13, 1, 9, 2, 10, 14
5_28_16 11, 3, 7, 15, 16
2_3_08 5, 13
3_30_22 11, 3, 7
6_20_06 4, 12, 16, 8, 1, 9
4_23_08 6, 14, 2, 10
7_14_18 13, 5, 9, 1, 6, 14, 2
6_18_02 2, 10, 14, 6, 15, 7
7_11_06 6, 14, 2, 10, 15, 7, 11
7_17_06 4, 12, 16, 8, 5, 13, 1
7_1_08 5, 13, 1, 9, 6, 14, 2
6_25_08 7, 15, 3, 11, 8, 16
3_22_22 9, 1, 5
8_10_04 5, 13, 1, 9, 6, 14, 2, 10
8_10_16 11, 3, 7, 15, 12, 4, 8, 16
5_13_02 5, 13, 1, 9, 2
1_28_04 9
1_6_14 5
2_19_12 7, 15
5_1_14 8, 16, 4, 12, 9
3_19_20 11, 3, 15
8_29_06 7, 15, 3, 11, 4, 12, 16, 8
4_25_22 14, 6, 10, 2
7_14_22 15, 7, 11, 3, 8, 16, 4
5_9_18 12, 4, 8, 16, 13
3_9_04 5, 13, 1
3_3_22 12, 4, 16
3_19_02 2, 10, 6
5_18_04 3, 11, 15, 7, 16
8_9_14 10, 2, 6, 14, 11, 3, 7, 15
3_10_14 6, 14, 2
7_16_00 4, 12, 16, 8, 5, 13, 1
4_7_10 7, 15, 3, 11
2_21_22 13, 5
1_28_06 10
6_11_08 7, 15, 3, 11, 8, 16
4_14_22 15, 7, 11, 3
1_12_10 12
4_30_20 14, 6, 10, 2
7_6_10 7, 15, 3, 11, 4, 12, 16
7_12_10 8, 16, 4, 12, 13, 5, 9
6_1_12 7, 15, 3, 11, 8, 16
6_14_04 6, 14, 2, 10, 15, 7
4_2_16 9, 1, 5, 13
3_21_02 3, 11, 15
7_3_20 11, 3, 7, 15, 4, 12, 16
7_16_20 14, 6, 10, 2, 15, 7, 11
7_4_14 8, 16, 4, 12, 13, 5, 9
6_14_00 4, 12, 16, 8, 13, 5
1_3_12 15
1_7_12 16
8_12_06 6, 14, 2, 10, 7, 15, 3, 11
1_14_16 8
2_14_20 10, 2
3_4_16 5, 13, 9
3_20_02 14, 6, 2
2_12_08 3, 11
1_11_06 14
2_27_00 3, 11
2_18_04 15, 7
1_31_22 7
7_19_10 6, 14, 2, 10, 15, 7, 11
4_4_14 8, 16, 4, 12
3_13_08 8, 16, 4
4_9_20 13, 5, 9, 1
1_12_00 7
2_20_12 3, 11
3_1_06 4, 12, 16
1_30_18 9
4_1_02 2, 10, 14, 6
8_18_20 11, 3, 7, 15, 12, 4, 8, 16
5_30_22 15, 7, 11, 3, 8
7_10_00 3, 11, 15, 7, 16, 8, 12
8_22_12 8, 16, 4, 12, 9, 1, 5, 13
1_26_06 2
1_13_22 15
3_15_06 7, 15, 11
5_19_12 7, 15, 3, 11, 16
5_5_18 11, 3, 7, 15, 12
1_27_04 13
5_22_18 11, 3, 7, 15, 8
4_25_18 12, 4, 8, 16
4_31_12 10, 2, 6, 14
5_10_00 3, 11, 15, 7, 16
6_8_16 10, 2, 6, 14, 7, 15
2_24_22 9, 1
1_21_12 8
8_11_02 4, 12, 16, 8, 5, 13, 1, 9
5_19_14 8, 16, 4, 12, 1
1_12_12 13
7_29_18 13, 5, 9, 1, 10, 2, 6
7_23_16 10, 2, 6, 14, 3, 11, 15
7_23_14 9, 1, 5, 13, 2, 10, 14
7_18_22 12, 4, 8, 16, 9, 1, 5
8_26_16 11, 3, 7, 15, 12, 4, 8, 16
5_27_08 7, 15, 3, 11, 16
1_19_14 16
8_31_02 5, 13, 1, 9, 2, 10, 14, 6
1_18_08 1
5_4_10 6, 14, 2, 10, 11
7_7_16 10, 2, 6, 14, 3, 11, 15
1_21_22 13
2_15_16 12, 4
5_28_18 12, 4, 8, 16, 1
1_5_02 3
1_25_22 14
2_7_12 8, 16
1_3_18 2
4_10_06 6, 14, 2, 10
6_28_06 6, 14, 2, 10, 3, 11
8_12_18 12, 4, 8, 16, 13, 5, 9, 1
2_12_14 6, 14
6_23_14 9, 1, 5, 13, 10, 2
6_24_00 2, 10, 14, 6, 15, 7
1_2_08 1
1_17_12 7
1_12_02 8
2_11_08 7, 15
4_26_10 8, 16, 4, 12
2_17_20 11, 3
5_5_22 13, 5, 9, 1, 14
7_9_04 5, 13, 1, 9, 6, 14, 2
8_15_18 13, 5, 9, 1, 10, 2, 6, 14
4_2_10 6, 14, 2, 10
3_18_08 1, 9, 13
7_8_06 5, 13, 1, 9, 10, 2, 6
6_10_16 11, 3, 7, 15, 8, 16
2_17_22 12, 4
7_29_20 14, 6, 10, 2, 11, 3, 7
4_20_02 2, 10, 14, 6
8_10_20 13, 5, 9, 1, 14, 6, 10, 2
5_24_02 3, 11, 15, 7, 8
3_14_00 16, 8, 12
4_20_22 12, 4, 8, 16
5_10_06 6, 14, 2, 10, 3
2_9_12 9, 1
5_16_10 9, 1, 5, 13, 10
1_25_06 6
7_13_16 12, 4, 8, 16, 9, 1, 5
5_27_18 12, 4, 8, 16, 5
3_22_00 14, 6, 10
2_1_12 7, 15
7_22_02 3, 11, 15, 7, 16, 8, 12
4_12_04 5, 13, 1, 9
1_15_14 3
1_22_10 3
3_21_08 6, 14, 2
7_18_06 4, 12, 16, 8, 1, 9, 13
1_15_10 1
5_19_06 4, 12, 16, 8, 13
6_23_20 12, 4, 8, 16, 13, 5
3_13_06 7, 15, 3
2_28_06 2, 10
3_24_04 16, 8, 4
7_12_20 13, 5, 9, 1, 2, 10, 14
5_28_10 8, 16, 4, 12, 13
2_27_12 9, 1
5_6_10 7, 15, 3, 11, 4
8_11_00 3, 11, 15, 7, 4, 12, 16, 8
4_5_02 3, 11, 15, 7
6_16_02 5, 13, 1, 9, 14, 6
5_5_08 6, 14, 2, 10, 7
5_27_20 13, 5, 9, 1, 6
4_6_22 13, 5, 9, 1
7_28_00 3, 11, 15, 7, 8, 16, 4
3_29_22 15, 7, 11
3_11_10 8, 16, 12
6_7_04 4, 12, 16, 8, 5, 13
7_8_02 3, 11, 15, 7, 8, 16, 4
8_9_02 4, 12, 16, 8, 5, 13, 1, 9
4_9_08 7, 15, 3, 11
7_14_04 6, 14, 2, 10, 15, 7, 11
3_9_22 14, 6, 10
1_22_08 2
6_28_00 3, 11, 15, 7, 16, 8
3_8_12 4, 12, 8
5_14_04 6, 14, 2, 10, 15
8_14_08 8, 16, 4, 12, 5, 13, 1, 9
4_17_10 6, 14, 2, 10
7_31_00 4, 12, 16, 8, 9, 1, 5
5_24_12 8, 16, 4, 12, 13
7_30_16 12, 4, 8, 16, 5, 13, 1
2_23_00 2, 10
5_13_18 13, 5, 9, 1, 10
8_23_22 13, 5, 9, 1, 14, 6, 10, 2
4_29_20 14, 6, 10, 2
4_24_08 6, 14, 2, 10
8_30_18 13, 5, 9, 1, 10, 2, 6, 14
3_12_04 1, 9, 5
4_25_06 6, 14, 2, 10
7_2_22 12, 4, 8, 16, 9, 1, 5
7_17_04 3, 11, 15, 7, 4, 12, 16
2_15_20 14, 6
7_20_20 11, 3, 7, 15, 16, 8, 12
4_11_00 3, 11, 15, 7
4_23_14 9, 1, 5, 13
3_4_02 14, 6, 2
5_16_00 4, 12, 16, 8, 5
6_13_02 5, 13, 1, 9, 2, 10
3_14_10 5, 13, 1
2_21_12 8, 16
5_17_04 3, 11, 15, 7, 4
7_14_06 7, 15, 3, 11, 16, 8, 12
4_23_02 3, 11, 15, 7
5_8_12 8, 16, 4, 12, 13
4_2_02 2, 10, 14, 6
8_28_18 12, 4, 8, 16, 13, 5, 9, 1
1_12_16 15
6_9_02 4, 12, 16, 8, 5, 13
4_25_20 13, 5, 9, 1
2_15_22 15, 7
8_21_00 2, 10, 14, 6, 3, 11, 15, 7
8_3_02 2, 10, 14, 6, 3, 11, 15, 7
6_25_16 11, 3, 7, 15, 12, 4
6_14_16 12, 4, 8, 16, 5, 13
6_16_12 10, 2, 6, 14, 3, 11
7_1_20 11, 3, 7, 15, 12, 4, 8
2_10_14 6, 14
8_12_04 5, 13, 1, 9, 6, 14, 2, 10
4_18_10 6, 14, 2, 10
3_7_16 10, 2, 14
4_7_18 11, 3, 7, 15
3_28_16 7, 15, 11
2_25_10 8, 16
6_27_10 8, 16, 4, 12, 9, 1
3_16_04 2, 10, 6
5_18_08 5, 13, 1, 9, 2
3_11_06 6, 14, 10
1_19_10 14
8_26_02 4, 12, 16, 8, 5, 13, 1, 9
4_12_06 6, 14, 2, 10
4_22_10 7, 15, 3, 11
6_9_16 11, 3, 7, 15, 12, 4
6_12_14 10, 2, 6, 14, 7, 15
5_28_14 10, 2, 6, 14, 15
6_27_18 12, 4, 8, 16, 13, 5
5_7_00 2, 10, 14, 6, 11
8_27_06 6, 14, 2, 10, 7, 15, 3, 11
6_29_16 12, 4, 8, 16, 9, 1
6_6_08 6, 14, 2, 10, 3, 11
7_26_18 12, 4, 8, 16, 9, 1, 5
2_9_04 5, 13
2_26_04 1, 9
6_12_04 5, 13, 1, 9, 2, 10
7_28_06 6, 14, 2, 10, 11, 3, 7
3_30_18 9, 1, 5
1_28_20 1
7_13_10 9, 1, 5, 13, 6, 14, 2
6_12_22 14, 6, 10, 2, 11, 3
5_14_10 9, 1, 5, 13, 2
5_9_14 10, 2, 6, 14, 11
7_24_02 3, 11, 15, 7, 8, 16, 4
3_13_00 4,12, 16
2_18_20 7, 15
1_25_08 7
6_25_22 14, 6, 10, 2, 15, 7
8_22_10 7, 15, 3, 11, 8, 16, 4, 12
7_3_08 5, 13, 1, 9, 14, 6, 10
8_31_08 8, 16, 4, 12, 5, 13, 1, 9
5_15_10 9, 1, 5, 13, 14
2_18_08 1, 9
8_29_20 14, 6, 10, 2, 11, 3, 7, 15
5_2_22 12, 4, 8, 16, 9
1_20_18 14
3_22_14 5, 13, 1
5_2_06 4, 12, 16, 8, 1
8_13_10 9, 1, 5, 13, 6, 14, 2, 10
8_4_00 1, 9, 13, 5, 2, 10, 14, 6
1_27_18 4
1_3_00 9
5_16_20 14, 6, 10, 2, 15
2_8_22 9, 1
6_28_20 13, 5, 9, 1, 10, 2
1_10_20 9
4_15_16 12, 4, 8, 16
4_7_22 13, 5, 9, 1
7_24_04 4, 12, 16, 8, 9, 1, 5
2_1_02 2, 10
2_6_06 1, 9
4_18_06 4, 12, 16, 8
6_13_20 14, 6, 10, 2, 11, 3
2_1_08 5, 13
6_10_04 5, 13, 1, 9, 2, 10
4_23_04 4, 12, 16, 8
4_13_14 11, 3, 7, 15
1_23_02 11
7_25_08 7, 15, 3, 11, 8, 16, 4
5_30_16 12, 4, 8, 16, 5
2_31_14 11, 3
7_25_12 9, 1, 5, 13, 10, 2, 6
5_19_04 3, 11, 15, 7, 12
3_15_14 11, 3, 15
8_23_02 3, 11, 15, 7, 4, 12, 16, 8
3_15_16 12, 4, 16
6_26_14 10, 2, 6, 14, 7, 15
8_27_20 13, 5, 9, 1, 14, 6, 10, 2
7_25_00 3, 11, 15, 7, 4, 12, 16
4_14_08 8, 16, 4, 12
5_8_22 13, 5, 9, 1, 2
8_12_12 9, 1, 5, 13, 10, 2, 6, 14
1_26_20 9
3_1_12 7, 15, 3
2_18_10 2, 10
6_16_18 13, 5, 9, 1, 6, 14
8_10_00 3, 11, 15, 7, 4, 12, 16, 8
5_23_22 13, 5, 9, 1, 6
3_23_10 7, 15, 11
3_6_20 8, 16, 4
6_28_08 7, 15, 3, 11, 4, 12
8_21_20 12, 4, 8, 16, 13, 5, 9, 1
6_8_02 3, 11, 15, 7, 16, 8
2_24_04 16, 8
7_2_12 7, 15, 3, 11, 4, 12, 16
2_31_06 7, 15
5_6_02 3, 11, 15, 7, 16
3_23_12 8, 16, 12
3_6_04 16, 8, 12
6_1_10 6, 14, 2, 10, 7, 15
8_19_10 6, 14, 2, 10, 7, 15, 3, 11
8_2_12 7, 15, 3, 11, 8, 16, 4, 12
8_12_22 14, 6, 10, 2, 15, 7, 11, 3
7_21_16 10, 2, 6, 14, 11, 3, 7
5_28_00 3, 11, 15, 7, 8
6_13_04 6, 14, 2, 10, 3, 11
1_20_04 7
4_5_20 12, 4, 8, 16
2_22_20 8, 16
2_4_00 13, 5
1_26_18 8
8_20_06 4, 12, 16, 8, 5, 13, 1, 9
2_9_08 7, 15
7_22_20 12, 4, 8, 16, 9, 1, 5
4_28_16 11, 3, 7, 15
3_25_18 12, 4, 8
6_10_22 14, 6, 10, 2, 11, 3
5_14_14 11, 3, 7, 15, 4
1_29_02 5
2_9_18 12, 4
6_21_04 4, 12, 16, 8, 5, 13
7_23_10 7, 15, 3, 11, 16, 8, 12
4_5_18 11, 3, 7, 15
4_15_14 11, 3, 7, 15
1_30_20 10
3_10_20 9, 1, 5
4_22_16 10, 2, 6, 14
6_5_04 4, 12, 16, 8, 5, 13
6_7_14 9, 1, 5, 13, 10, 2
5_23_00 2, 10, 14, 6, 11
5_29_16 12, 4, 8, 16, 9
7_7_14 9, 1, 5, 13, 2, 10, 14
6_27_08 7, 15, 3, 11, 8, 16
2_11_14 10, 2
5_27_16 11, 3, 7, 15, 4
5_16_14 11, 3, 7, 15, 12
6_3_04 3, 11, 15, 7, 4, 12
8_15_02 5, 13, 1, 9, 2, 10, 14, 6
3_17_14 8, 16, 4
3_3_16 9, 1, 13
7_2_14 8, 16, 4, 12, 5, 13, 1
2_28_10 4, 12
2_13_10 9, 1
3_20_12 3, 11, 7
8_7_10 7, 15, 3, 11, 8, 16, 4, 12
2_9_22 14, 6
6_21_22 13, 5, 9, 1, 14, 6
8_15_12 10, 2, 6, 14, 7, 15, 3, 11
6_6_00 2, 10, 14, 6, 15, 7
5_10_04 5, 13, 1, 9, 2
5_24_06 5, 13, 1, 9, 10
8_21_10 7, 15, 3, 11, 8, 16, 4, 12
8_27_18 12, 4, 8, 16, 13, 5, 9, 1
6_31_08 8, 16, 4, 12, 5, 13
6_8_06 5, 13, 1, 9, 2, 10
3_8_14 5, 13, 9
7_26_14 10, 2, 6, 14, 7, 15, 3
3_2_02 14, 6, 10
1_18_16 5
2_13_04 6, 14
6_28_14 10, 2, 6, 14, 7, 15
6_30_14 11, 3, 7, 15, 4, 12
5_19_08 5, 13, 1, 9, 14
3_3_14 8, 16, 12
7_30_10 9, 1, 5, 13, 2, 10, 14
3_17_10 6, 14, 2
7_11_08 7, 15, 3, 11, 16, 8, 12
5_9_08 7, 15, 3, 11, 8
5_27_12 9, 1, 5, 13, 2
4_29_14 11, 3, 7, 15
1_1_08 5
3_31_08 8, 16, 12
8_23_18 11, 3, 7, 15, 12, 4, 8, 16
6_26_08 7, 15, 3, 11, 4, 12
5_11_08 7, 15, 3, 11, 16
6_7_20 12, 4, 8, 16, 13, 5
3_1_08 5, 13, 1
2_6_18 7, 15
7_15_04 6, 14, 2, 10, 11, 3, 7
5_3_12 7, 15, 3, 11, 16
6_22_10 7, 15, 3, 11, 4, 12
4_26_00 3, 11, 15, 7
3_14_20 10, 2, 6
5_12_18 12, 4, 8, 16, 1
8_9_10 8, 16, 4, 12, 9, 1, 5, 13
5_28_06 6, 14, 2, 10, 11
7_20_22 12, 4, 8, 16, 1, 9, 13
4_17_18 10, 2, 6, 14
1_24_08 10
3_8_02 15, 7, 3
1_6_08 2
3_2_14 4, 12, 16
8_30_04 6, 14, 2, 10, 3, 11, 15, 7
8_28_00 3, 11, 15, 7, 4, 12, 16, 8
1_13_04 6
8_25_02 4, 12, 16, 8, 5, 13, 1, 9
8_14_00 4, 12, 16, 8, 1, 9, 13, 5
4_9_22 14, 6, 10, 2
4_26_04 5, 13, 1, 9
8_19_06 4, 12, 16, 8, 5, 13, 1, 9
4_3_20 11, 3, 7, 15
5_10_14 10, 2, 6, 14, 7
8_14_06 7, 15, 3, 11, 4, 12, 16, 8
6_3_12 7, 15, 3, 11, 8, 16
6_7_12 8, 16, 4, 12, 9, 1
3_6_08 2, 10, 14
1_11_12 1
6_27_22 14, 6, 10, 2, 15, 7
4_14_14 11, 3, 7, 15
1_26_12 5
6_10_08 7, 15, 3, 11, 4, 12
1_1_18 10
4_6_08 6, 14, 2, 10
3_4_20 7, 15, 11
5_27_00 3, 11, 15, 7, 12
2_27_08 7, 15
7_20_04 3, 11, 15, 7, 8, 16, 4
2_23_18 11, 3
5_3_18 10, 2, 6, 14, 3
8_26_20 13, 5, 9, 1, 14, 6, 10, 2
8_22_20 12, 4, 8, 16, 13, 5, 9, 1
7_12_12 9, 1, 5, 13, 14, 6, 10
1_28_00 7
1_28_02 8
5_3_20 11, 3, 7, 15, 4
5_17_18 10, 2, 6, 14, 11
1_2_10 2
3_22_18 7, 15, 3
3_19_06 4, 12, 8
3_16_16 8, 16, 12
8_1_14 8, 16, 4, 12, 9, 1, 5, 13
4_15_22 15, 7, 11, 3
8_31_20 14, 6, 10, 2, 11, 3, 7, 15
1_5_18 11
7_2_10 6, 14, 2, 10, 3, 11, 15
4_6_00 2, 10, 14, 6
3_13_02 5, 13, 1
3_28_04 1, 9, 5
3_29_10 9, 1, 5
3_19_00 1, 9, 5
5_15_04 6, 14, 2, 10, 11
3_12_14 6, 14, 10
2_1_14 8, 16
3_26_20 9, 1, 5
2_28_14 6, 14
3_19_22 12, 4, 16
3_13_14 11, 3, 7
3_26_08 3, 11, 15
8_8_02 3, 11, 15, 7, 4, 12, 16, 8
4_28_04 5, 13, 1, 9
2_21_08 6, 14
8_2_18 10, 2, 6, 14, 11, 3, 7, 15
5_23_12 8, 16, 4, 12, 1
2_31_10 9, 1
3_16_20 10, 2, 14
3_5_20 12, 4, 8
5_31_20 14, 6, 10, 2, 3
8_27_10 8, 16, 4, 12, 9, 1, 5, 13
7_10_08 7, 15, 3, 11, 4, 12, 16
6_15_00 4, 12, 16, 8, 1, 9
1_16_00 8
2_4_10 2, 10
7_23_04 4, 12, 16, 8, 13, 5, 9
6_27_16 11, 3, 7, 15, 12, 4
1_13_00 4
5_14_16 12, 4, 8, 16, 5
8_9_22 14, 6, 10, 2, 15, 7, 11, 3
7_11_20 13, 5, 9, 1, 6, 14, 2
1_7_14 1
4_26_02 4, 12, 16, 8
2_16_16 8, 16
6_10_00 3, 11, 15, 7, 16, 8
2_2_12 3, 11
4_3_16 9, 1, 5, 13
4_16_02 5, 13, 1, 9
4_29_18 13, 5, 9, 1
2_30_18 9, 1
2_22_22 9, 1
1_27_10 16
7_4_08 5, 13, 1, 9, 10, 2, 6
2_22_00 14, 6
6_1_16 9, 1, 5, 13, 10, 2
5_31_08 8, 16, 4, 12, 13
5_7_02 3, 11, 15, 7, 12
3_23_08 6, 14, 10
8_7_14 9, 1, 5, 13, 10, 2, 6, 14
8_1_18 10, 2, 6, 14, 11, 3, 7, 15
3_27_22 14, 6, 2
2_29_12 10, 2
3_20_10 2, 10, 6
4_22_04 4, 12, 16, 8
1_26_16 7
1_21_04 4
7_22_14 9, 1, 5, 13, 6, 14, 2
5_4_00 1, 9, 13, 5, 6
7_13_08 8, 16, 4, 12, 5, 13, 1
8_26_22 14, 6, 10, 2, 15, 7, 11, 3
4_27_02 4, 12, 16, 8
6_16_04 6, 14, 2, 10, 15, 7
6_18_20 11, 3, 7, 15, 8, 16
4_17_00 1, 9, 13, 5
5_26_00 3, 11, 15, 7, 16
8_30_02 5, 13, 1, 9, 2, 10, 14, 6
7_29_00 4, 12, 16, 8, 1, 9, 13
6_8_12 8, 16, 4, 12, 5, 13
5_15_22 15, 7, 11, 3, 4
1_5_16 10
6_1_00 1, 9, 13, 5, 2, 10
3_26_22 10, 2, 6
7_9_18 12, 4, 8, 16, 13, 5, 9
3_31_18 13, 5, 1
3_22_20 8, 16, 4
7_18_16 9, 1, 5, 13, 6, 14, 2
5_12_04 5, 13, 1, 9, 10
7_1_06 4, 12, 16, 8, 5, 13, 1
2_27_14 10, 2
2_23_22 13, 5
3_27_02 4, 12, 8
6_7_06 5, 13, 1, 9, 6, 14
5_12_22 14, 6, 10, 2, 3
1_29_06 7
4_31_16 12, 4, 8, 16
2_10_12 5, 13
8_1_04 3, 11, 15, 7, 4, 12, 16, 8
1_3_04 11
5_20_12 7, 15, 3, 11, 12
7_4_18 10, 2, 6, 14, 15, 7, 11
1_7_06 13
1_21_20 12
8_27_08 7, 15, 3, 11, 8, 16, 4, 12
3_7_00 2, 10, 6
2_13_06 7, 15
5_11_04 5, 13, 1, 9, 14
7_7_04 4, 12, 16, 8, 13, 5, 9
6_2_14 8, 16, 4, 12, 5, 13
8_6_00 2, 10, 14, 6, 3, 11, 15, 7
4_20_14 8, 16, 4, 12
7_5_20 12, 4, 8, 16, 13, 5, 9
6_14_02 5, 13, 1, 9, 14, 6
7_19_18 10, 2, 6, 14, 3, 11, 15
3_6_00 14, 6, 10
6_12_06 6, 14, 2, 10, 3, 11
2_24_06 1, 9
7_20_18 10, 2, 6, 14, 15, 7, 11
1_5_00 2
3_29_16 12, 4, 8
3_28_12 5, 13, 9
6_2_02 2, 10, 14, 6, 15, 7
4_4_18 10, 2, 6, 14
6_25_06 6, 14, 2, 10, 7, 15
8_13_06 7, 15, 3, 11, 4, 12, 16, 8
6_22_02 3, 11, 15, 7, 16, 8
5_1_22 12, 4, 8, 16, 13
3_24_20 8, 16, 12
6_12_18 12, 4, 8, 16, 9, 1
5_28_08 7, 15, 3, 11, 12
2_12_04 1, 9
5_11_12 9, 1, 5, 13, 2
3_14_02 1, 9, 13
4_20_16 9, 1, 5, 13
4_11_14 10, 2, 6, 14
8_14_04 6, 14, 2, 10, 3, 11, 15, 7
4_2_12 7, 15, 3, 11
8_11_22 14, 6, 10, 2, 15, 7, 11, 3
2_29_16 12, 4
5_22_14 9, 1, 5, 13, 6
7_15_20 14, 6, 10, 2, 3, 11, 15
2_19_18 10, 2
5_29_00 4, 12, 16, 8, 1
4_27_18 12, 4, 8, 16
6_12_02 4, 12, 16, 8, 1, 9
7_20_00 1, 9, 13, 5, 6, 14, 2
3_19_08 5, 13, 9
3_7_12 8, 16, 12
6_13_00 4, 12, 16, 8, 1, 9
6_30_22 15, 7, 11, 3, 8, 16
6_5_06 5, 13, 1, 9, 6, 14
8_6_20 12, 4, 8, 16, 13, 5, 9, 1
7_3_02 2, 10, 14, 6, 11, 3, 7
2_20_18 6, 14
6_21_16 10, 2, 6, 14, 11, 3
4_31_02 5, 13, 1, 9
2_24_00 14, 6
2_13_14 11, 3
4_22_14 9, 1, 5, 13
7_12_02 4, 12, 16, 8, 9, 1, 5
5_3_16 9, 1, 5, 13, 2
3_3_20 11, 3, 15
6_31_00 4, 12, 16, 8, 1, 9
2_7_02 3, 11
7_31_10 9, 1, 5, 13, 14, 6, 10
4_24_06 5, 13, 1, 9
7_2_00 1, 9, 13, 5, 14, 6, 10
7_10_06 6, 14, 2, 10, 3, 11, 15
3_16_00 16, 8, 4
2_23_10 7, 15
3_9_14 10, 2, 6
2_31_18 13, 5
8_13_18 13, 5, 9, 1, 10, 2, 6, 14
2_5_16 10, 2
5_8_00 2, 10, 14, 6, 7
1_17_00 1
8_20_16 9, 1, 5, 13, 10, 2, 6, 14
2_25_20 13, 5
8_22_18 11, 3, 7, 15, 12, 4, 8, 16
3_25_08 7, 15, 3
2_3_00 1, 9
4_8_04 4, 12, 16, 8
5_7_14 9, 1, 5, 13, 2
1_27_20 5
3_27_14 10, 2, 14
8_10_12 9, 1, 5, 13, 10, 2, 6, 14
2_7_18 11, 3
7_31_20 14, 6, 10, 2, 3, 11, 15
1_6_20 8
1_28_22 2
1_26_02 16
8_3_00 1, 9, 13, 5, 2, 10, 14, 6
6_24_14 9, 1, 5, 13, 6, 14
3_17_22 12, 4, 8
8_15_04 6, 14, 2, 10, 3, 11, 15, 7
5_26_10 8, 16, 4, 12, 5
7_29_02 5, 13, 1, 9, 2, 10, 14
8_29_08 8, 16, 4, 12, 5, 13, 1, 9
8_8_08 6, 14, 2, 10, 7, 15, 3, 11
8_3_22 12, 4, 8, 16, 13, 5, 9, 1
2_25_00 3, 11
4_3_10 6, 14, 2, 10
8_16_12 10, 2, 6, 14, 7, 15, 3, 11
8_5_10 7, 15, 3, 11, 8, 16, 4, 12
8_25_04 5, 13, 1, 9, 6, 14, 2, 10
4_22_18 11, 3, 7, 15
1_1_00 1
1_25_10 8
6_14_12 10, 2, 6, 14, 3, 11
3_27_06 6, 14, 10
6_29_08 8, 16, 4, 12, 5, 13
1_25_04 5
3_12_08 3, 11, 7
8_16_22 15, 7, 11, 3, 12, 4, 8, 16
1_2_14 4
4_2_04 3, 11, 15, 7
6_3_22 12, 4, 8, 16, 13, 5
6_4_20 11, 3, 7, 15, 8, 16
1_21_14 9
4_20_12 7, 15, 3, 11
4_20_20 11, 3, 7, 15
8_22_00 2, 10, 14, 6, 3, 11, 15, 7
2_10_22 10, 2
6_7_18 11, 3, 7, 15, 12, 4
5_4_16 9, 1, 5, 13, 14
4_3_14 8, 16, 4, 12
4_5_06 5, 13, 1, 9
4_11_06 6, 14, 2, 10
6_25_14 10, 2, 6, 14, 11, 3
1_10_12 5
6_4_18 10, 2, 6, 14, 7, 15
5_11_22 14, 6, 10, 2, 7
3_30_06 3, 11, 15
2_31_00 4,12
8_12_00 3, 11, 15, 7, 4, 12, 16, 8
1_11_00 11
7_9_08 7, 15, 3, 11, 8, 16, 4
8_3_10 6, 14, 2, 10, 7, 15, 3, 11
1_8_12 12
1_29_16 12
2_13_00 4,12
2_1_00 1, 9
7_4_12 7, 15, 3, 11, 12, 4, 8
4_11_02 4, 12, 16, 8
8_29_14 11, 3, 7, 15, 8, 16, 4, 12
1_9_04 5
5_2_12 7, 15, 3, 11, 4
2_2_14 4, 12
5_21_10 7, 15, 3, 11, 8
8_19_14 8, 16, 4, 12, 9, 1, 5, 13
8_13_04 6, 14, 2, 10, 3, 11, 15, 7
7_30_18 13, 5, 9, 1, 6, 14, 2
6_16_08 8, 16, 4, 12, 1, 9
4_12_14 10, 2, 6, 14
2_17_02 2, 10
2_10_06 2, 10
8_18_04 3, 11, 15, 7, 4, 12, 16, 8
6_2_08 5, 13, 1, 9, 2, 10
5_16_22 15, 7, 11, 3, 16
8_5_08 6, 14, 2, 10, 7, 15, 3, 11
1_7_16 2
6_13_12 10, 2, 6, 14, 7, 15
5_23_16 10, 2, 6, 14, 3
2_4_02 14, 6
7_4_04 3, 11, 15, 7, 8, 16, 4
1_23_22 5
4_16_04 6, 14, 2, 10
6_6_10 7, 15, 3, 11, 4, 12
4_23_20 12, 4, 8, 16
7_3_18 10, 2, 6, 14, 3, 11, 15
5_11_06 6, 14, 2, 10, 15
7_3_10 6, 14, 2, 10, 15, 7, 11
3_8_00 14, 6, 2
4_28_18 12, 4, 8, 16
2_21_16 10, 2
5_29_22 15, 7, 11, 3, 12
6_17_02 2, 10, 14, 6, 3, 11
3_8_08 2, 10, 6
7_13_12 10, 2, 6, 14, 7, 15, 3
8_9_18 12, 4, 8, 16, 13, 5, 9, 1
7_23_00 2, 10, 14, 6, 11, 3, 7
3_23_18 11, 3, 15
4_19_22 12, 4, 8, 16
3_7_20 12, 4, 16
4_30_22 15, 7, 11, 3
2_2_04 15, 7
2_5_20 12, 4
5_9_04 5, 13, 1, 9, 6
1_23_14 1
6_15_20 14, 6, 10, 2, 11, 3
1_15_00 12
8_23_16 10, 2, 6, 14, 11, 3, 7, 15
5_3_06 4, 12, 16, 8, 13
3_6_18 7, 15, 3
4_25_04 5, 13, 1, 9
8_26_00 3, 11, 15, 7, 4, 12, 16, 8
1_20_00 5
5_19_00 1, 9, 13, 5, 10
1_17_06 4
4_8_12 8, 16, 4, 12
2_16_00 16, 8
3_24_06 1, 9, 5
1_24_12 12
5_25_20 13, 5, 9, 1, 14
6_18_04 3, 11, 15, 7, 16, 8
1_4_00 5
6_22_04 4, 12, 16, 8, 1, 9
5_29_18 13, 5, 9, 1, 10
8_20_22 12, 4, 8, 16, 13, 5, 9, 1
4_8_14 9, 1, 5, 13
8_28_12 9, 1, 5, 13, 10, 2, 6, 14
6_29_18 13, 5, 9, 1, 10, 2
2_9_02 4, 12
4_29_04 6, 14, 2, 10
1_22_22 9
8_31_14 11, 3, 7, 15, 8, 16, 4, 12
7_16_08 8, 16, 4, 12, 9, 1, 5
2_26_10 4, 12
2_9_16 11, 3
4_6_16 10, 2, 6, 14
5_5_10 7, 15, 3, 11, 8
7_28_20 13, 5, 9, 1, 2, 10, 14
6_4_12 7, 15, 3, 11, 4, 12
4_5_16 10, 2, 6, 14
6_27_02 4, 12, 16, 8, 5, 13
6_3_08 5, 13, 1, 9, 6, 14
2_8_10 3, 11
5_30_04 6, 14, 2, 10, 15
2_4_04 15, 7
4_19_14 8, 16, 4, 12
8_9_04 5, 13, 1, 9, 6, 14, 2, 10
5_26_14 10, 2, 6, 14, 7
5_5_12 8, 16, 4, 12, 9
4_12_20 13, 5, 9, 1
4_30_06 7, 15, 3, 11
7_3_16 9, 1, 5, 13, 2, 10, 14
5_3_08 5, 13, 1, 9, 14
1_31_00 12
5_20_04 3, 11, 15, 7, 8
7_16_10 9, 1, 5, 13, 10, 2, 6
1_30_02 1
6_5_14 9, 1, 5, 13, 10, 2
2_7_14 9, 1
5_31_10 9, 1, 5, 13, 14
5_25_08 7, 15, 3, 11, 8
6_6_04 4, 12, 16, 8, 1, 9
7_27_00 3, 11, 15, 7, 12, 4, 8
3_5_08 6, 14, 2
3_6_22 9, 1, 5
7_24_16 10, 2, 6, 14, 15, 7, 11
4_20_06 4, 12, 16, 8
1_3_22 4
2_27_04 5, 13
7_2_02 2, 10, 14, 6, 15, 7, 11
4_7_12 8, 16, 4, 12
3_21_12 8, 16, 4
1_25_16 11
1_17_14 8
1_2_04 15
4_26_22 14, 6, 10, 2
6_27_04 5, 13, 1, 9, 6, 14
8_26_14 10, 2, 6, 14, 11, 3, 7, 15
6_13_06 7, 15, 3, 11, 4, 12
2_28_22 10, 2
1_14_14 7
4_21_04 4, 12, 16, 8
3_2_00 13, 5, 9
8_6_04 4, 12, 16, 8, 5, 13, 1, 9
2_25_14 10, 2
2_11_22 14, 6
6_30_10 9, 1, 5, 13, 2, 10
2_10_16 7, 15
1_2_20 7
6_5_10 7, 15, 3, 11, 8, 16
4_21_18 11, 3, 7, 15
5_30_14 11, 3, 7, 15, 4
4_31_06 7, 15, 3, 11
1_21_16 10
6_4_14 8, 16, 4, 12, 5, 13
4_25_14 10, 2, 6, 14
7_16_22 15, 7, 11, 3, 16, 8, 12
7_6_18 11, 3, 7, 15, 8, 16, 4
6_17_00 1, 9, 13, 5, 2, 10
3_2_10 2, 10, 14
4_8_16 10, 2, 6, 14
1_4_14 12
1_6_02 15
7_29_04 6, 14, 2, 10, 3, 11, 15
6_11_02 4, 12, 16, 8, 5, 13
8_10_22 14, 6, 10, 2, 15, 7, 11, 3
1_8_22 1
2_14_22 11, 3
1_15_06 15
7_17_12 7, 15, 3, 11, 8, 16, 4
2_27_02 4, 12
8_1_10 6, 14, 2, 10, 7, 15, 3, 11
4_21_10 7, 15, 3, 11
3_17_16 9, 1, 5
1_23_04 12
7_28_10 8, 16, 4, 12, 13, 5, 9
4_2_18 10, 2, 6, 14
4_27_00 3, 11, 15, 7
8_24_08 6, 14, 2, 10, 7, 15, 3, 11
1_24_10 11
7_5_16 10, 2, 6, 14, 11, 3, 7
6_14_18 13, 5, 9, 1, 6, 14
8_27_16 11, 3, 7, 15, 12, 4, 8, 16
7_5_08 6, 14, 2, 10, 7, 15, 3
5_21_00 2, 10, 14, 6, 3
4_12_08 7, 15, 3, 11
4_25_12 9, 1, 5, 13
5_13_06 7, 15, 3, 11, 4
8_4_12 7, 15, 3, 11, 8, 16, 4, 12
1_6_16 6
7_20_10 6, 14, 2, 10, 11, 3, 7
6_18_12 7, 15, 3, 11, 4, 12
4_24_18 11, 3, 7, 15
8_2_00 1, 9, 13, 5, 2, 10, 14, 6
3_17_02 2, 10, 14
4_27_10 8, 16, 4, 12
5_11_02 4, 12, 16, 8, 13
6_8_20 12, 4, 8, 16, 9, 1
7_25_18 12, 4, 8, 16, 13, 5, 9
7_5_12 8, 16, 4, 12, 9, 1, 5
1_22_04 16
7_1_00 1, 9, 13, 5, 2, 10, 14
3_23_16 10, 2, 14
6_11_14 10, 2, 6, 14, 11, 3
3_17_12 7, 15, 3
6_27_12 9, 1, 5, 13, 10, 2
4_22_06 5, 13, 1, 9
2_27_10 8, 16
4_16_10 9, 1, 5, 13
1_4_22 16
6_24_02 3, 11, 15, 7, 16, 8
2_8_14 5, 13
5_23_04 4, 12, 16, 8, 13
5_18_10 6, 14, 2, 10, 3
7_18_12 7, 15, 3, 11, 4, 12, 16
3_19_04 3, 11, 7
2_5_18 11, 3
1_4_18 14
7_11_12 9, 1, 5, 13, 2, 10, 14
2_12_16 7, 15
3_7_14 9, 1, 13
8_20_20 11, 3, 7, 15, 12, 4, 8, 16
4_15_02 5, 13, 1, 9
7_26_00 3, 11, 15, 7, 16, 8, 12
3_20_06 16, 8, 4
5_30_20 14, 6, 10, 2, 7
6_25_12 9, 1, 5, 13, 10, 2
6_17_16 9, 1, 5, 13, 10, 2
1_14_02 1
6_28_04 5, 13, 1, 9, 2, 10
5_10_08 7, 15, 3, 11, 4
3_5_06 5, 13, 1
2_12_00 15, 7
2_3_18 10, 2
6_21_00 2, 10, 14, 6, 3, 11
5_26_04 5, 13, 1, 9, 2
1_19_16 1
2_11_06 6, 14
6_6_06 5, 13, 1, 9, 2, 10
5_25_16 11, 3, 7, 15, 12
5_25_06 6, 14, 2, 10, 7
6_5_22 13, 5, 9, 1, 14, 6
7_17_02 2, 10, 14, 6, 3, 11, 15
7_5_18 11, 3, 7, 15, 12, 4, 8
2_19_00 1, 9
5_15_06 7, 15, 3, 11, 12
2_6_00 14, 6
6_11_18 12, 4, 8, 16, 13, 5
5_24_08 6, 14, 2, 10, 11
4_29_16 12, 4, 8, 16
1_4_08 9
7_1_02 2, 10, 14, 6, 3, 11, 15
6_13_16 12, 4, 8, 16, 9, 1
8_26_06 6, 14, 2, 10, 7, 15, 3, 11
3_28_02 16, 8, 4
3_30_00 16, 8, 12
5_26_12 9, 1, 5, 13, 6
4_19_16 9, 1, 5, 13
3_11_12 9, 1, 13
1_24_18 15
3_4_12 3, 11, 7
4_24_14 9, 1, 5, 13
2_3_16 9, 1
2_20_22 8, 16
4_10_22 14, 6, 10, 2
2_28_02 16, 8
4_14_18 13, 5, 9, 1
6_7_16 10, 2, 6, 14, 11, 3
8_25_06 6, 14, 2, 10, 7, 15, 3, 11
1_12_04 9
6_19_10 6, 14, 2, 10, 7, 15
3_28_20 9, 1, 13
4_14_16 12, 4, 8, 16
3_6_14 5, 13, 1
5_31_18 13, 5, 9, 1, 2
8_2_08 5, 13, 1, 9, 6, 14, 2, 10
7_17_20 11, 3, 7, 15, 12, 4, 8
2_15_14 11, 3
6_26_04 5, 13, 1, 9, 2, 10
3_17_18 10, 2, 6
2_7_08 6, 14
6_10_06 6, 14, 2, 10, 3, 11
2_7_10 7, 15
7_22_16 10, 2, 6, 14, 7, 15, 3
5_8_08 6, 14, 2, 10, 11
1_21_18 11
6_4_08 5, 13, 1, 9, 2, 10
8_12_08 7, 15, 3, 11, 8, 16, 4, 12
8_25_10 8, 16, 4, 12, 9, 1, 5, 13
3_29_08 8, 16, 4
8_2_02 2, 10, 14, 6, 3, 11, 15, 7
4_6_04 4, 12, 16, 8
4_28_06 6, 14, 2, 10
5_12_06 6, 14, 2, 10, 11
8_5_12 8, 16, 4, 12, 9, 1, 5, 13
6_31_06 7, 15, 3, 11, 4, 12
3_13_10 9, 1, 5
3_1_10 6, 14, 2
4_17_20 11, 3, 7, 15
2_21_06 5, 13
6_5_08 6, 14, 2, 10, 7, 15
1_4_12 11
6_11_22 14, 6, 10, 2, 15, 7
2_6_14 5, 13
8_23_10 7, 15, 3, 11, 8, 16, 4, 12
2_16_08 4, 12
5_14_12 10, 2, 6, 14, 3
8_5_04 4, 12, 16, 8, 5, 13, 1, 9
4_3_18 10, 2, 6, 14
4_2_00 1, 9, 13, 5
6_9_06 6, 14, 2, 10, 7, 15
4_26_12 9, 1, 5, 13
7_14_12 10, 2, 6, 14, 3, 11, 15
6_16_00 4, 12, 16, 8, 13, 5
1_27_14 2
8_7_16 10, 2, 6, 14, 11, 3, 7, 15
3_15_20 14, 6, 2
8_19_20 11, 3, 7, 15, 12, 4, 8, 16
6_28_18 12, 4, 8, 16, 9, 1
4_14_20 14, 6, 10, 2
5_13_12 10, 2, 6, 14, 7
7_27_22 14, 6, 10, 2, 7, 15, 3
1_19_06 12
2_3_02 2, 10
5_6_08 6, 14, 2, 10, 3
5_12_00 3, 11, 15, 7, 8
8_26_08 7, 15, 3, 11, 8, 16, 4, 12
5_30_10 9, 1, 5, 13, 2
4_31_00 4,12, 16, 8
2_1_04 3, 11
3_15_02 5, 13, 9
3_26_06 2, 10, 14
5_22_06 5, 13, 1, 9, 2
8_4_16 9, 1, 5, 13, 10, 2, 6, 14
5_9_02 4, 12, 16, 8, 5
2_23_20 12, 4
1_8_14 13
7_1_16 9, 1, 5, 13, 10, 2, 6
4_18_04 3, 11, 15, 7
4_30_10 9, 1, 5, 13
8_13_22 15, 7, 11, 3, 12, 4, 8, 16
5_28_04 5, 13, 1, 9, 10
1_14_00 16
3_24_16 6, 14, 10
6_25_20 13, 5, 9, 1, 14, 6
5_31_02 5, 13, 1, 9, 10
3_26_10 4, 12, 16
6_14_14 11, 3, 7, 15, 4, 12
8_16_08 8, 16, 4, 12, 5, 13, 1, 9
5_12_20 13, 5, 9, 1, 2
1_5_08 6
6_26_22 14, 6, 10, 2, 11, 3
3_12_16 7, 15, 11
6_31_20 14, 6, 10, 2, 11, 3
2_23_02 3, 11
6_7_00 2, 10, 14, 6, 3, 11
7_12_08 7, 15, 3, 11, 12, 4, 8
7_21_00 2, 10, 14, 6, 3, 11, 15
7_26_04 5, 13, 1, 9, 2, 10, 14
5_22_00 2, 10, 14, 6, 15
7_27_02 4, 12, 16, 8, 13, 5, 9
3_28_18 8, 16, 12
5_4_02 2, 10, 14, 6, 7
5_20_22 12, 4, 8, 16, 1
4_19_20 11, 3, 7, 15
5_22_22 13, 5, 9, 1, 10
3_28_00 15, 7, 3
3_12_18 8, 16, 12
2_15_18 13, 5
5_28_20 13, 5, 9, 1, 2
7_20_14 8, 16, 4, 12, 13, 5, 9
6_5_12 8, 16, 4, 12, 9, 1
6_16_10 9, 1, 5, 13, 2, 10
8_5_06 5, 13, 1, 9, 6, 14, 2, 10
3_10_22 10, 2, 6
1_11_16 3
8_18_00 1, 9, 13, 5, 2, 10, 14, 6
6_11_12 9, 1, 5, 13, 10, 2
5_15_16 12, 4, 8, 16, 1
1_2_06 16
7_6_06 5, 13, 1, 9, 2, 10, 14
7_15_00 4, 12, 16, 8, 9, 1, 5
8_19_12 7, 15, 3, 11, 8, 16, 4, 12
1_10_18 8
6_14_22 15, 7, 11, 3, 8, 16
5_13_20 14, 6, 10, 2, 11
5_30_06 7, 15, 3, 11, 16
4_9_18 12, 4, 8, 16
1_14_22 11
1_12_06 10
8_30_16 12, 4, 8, 16, 9, 1, 5, 13
6_9_22 14, 6, 10, 2, 15, 7
4_31_20 14, 6, 10, 2
5_29_04 6, 14, 2, 10, 3
3_8_20 8, 16, 12
3_18_10 2, 10, 14
8_30_08 8, 16, 4, 12, 5, 13, 1, 9
5_4_06 4, 12, 16, 8, 9
1_5_22 13
3_25_16 11, 3, 7
2_11_18 12, 4
4_8_22 13, 5, 9, 1
1_17_16 9
2_14_04 2, 10
3_21_00 2, 10, 14
8_22_02 3, 11, 15, 7, 4, 12, 16, 8
5_5_16 10, 2, 6, 14, 11
7_26_20 13, 5, 9, 1, 10, 2, 6
1_10_16 7
2_28_20 9, 1
8_31_18 13, 5, 9, 1, 10, 2, 6, 14
8_29_04 6, 14, 2, 10, 3, 11, 15, 7
8_25_12 9, 1, 5, 13, 10, 2, 6, 14
5_10_22 14, 6, 10, 2, 11
4_20_00 1, 9, 13, 5
8_14_16 12, 4, 8, 16, 9, 1, 5, 13
2_21_10 7, 15
7_20_08 5, 13, 1, 9, 10, 2, 6
7_6_08 6, 14, 2, 10, 3, 11, 15
8_3_14 8, 16, 4, 12, 9, 1, 5, 13
7_21_08 6, 14, 2, 10, 7, 15, 3
1_18_02 14
2_6_16 6, 14
3_7_10 7, 15, 11
2_6_22 9, 1
7_7_18 11, 3, 7, 15, 4, 12, 16
3_2_06 16, 8, 12
8_30_10 9, 1, 5, 13, 6, 14, 2, 10
4_12_12 9, 1, 5, 13
4_27_06 6, 14, 2, 10
6_1_06 4, 12, 16, 8, 5, 13
5_15_20 14, 6, 10, 2, 3
3_3_12 7, 15, 11
6_17_10 6, 14, 2, 10, 7, 15
3_9_00 3, 11, 15
3_7_18 11, 3, 15
2_24_14 5, 13
3_19_10 6, 14, 10
1_19_22 4
2_16_06 3, 11
5_9_20 13, 5, 9, 1, 14
4_24_16 10, 2, 6, 14
4_5_22 13, 5, 9, 1
2_26_22 10, 2
7_10_12 9, 1, 5, 13, 6, 14, 2
2_2_20 7, 15
6_24_12 8, 16, 4, 12, 5, 13
8_18_08 5, 13, 1, 9, 6, 14, 2, 10
8_13_12 10, 2, 6, 14, 7, 15, 3, 11
7_22_04 4, 12, 16, 8, 1, 9, 13
1_3_10 14
1_20_02 6
7_24_18 11, 3, 7, 15, 16, 8, 12
2_22_12 4, 12
7_17_08 5, 13, 1, 9, 6, 14, 2
2_24_18 7, 15
3_29_12 10, 2, 6
2_28_12 5, 13
3_18_06 16, 8, 12
2_7_16 10, 2
7_18_18 10, 2, 6, 14, 7, 15, 3
4_14_04 6, 14, 2, 10
1_22_14 5
6_2_18 10, 2, 6, 14, 7, 15
4_16_20 14, 6, 10, 2
3_29_02 5, 13, 1
5_20_08 5, 13, 1, 9, 10
8_8_16 10, 2, 6, 14, 11, 3, 7, 15
1_24_04 8
5_9_22 14, 6, 10, 2, 15
5_11_10 8, 16, 4, 12, 1
8_14_14 11, 3, 7, 15, 8, 16, 4, 12
3_9_02 4, 12, 16
5_5_20 12, 4, 8, 16, 13
2_20_16 5, 13
5_23_06 5, 13, 1, 9, 14
1_13_14 11
5_27_10 8, 16, 4, 12, 1
4_25_08 7, 15, 3, 11
4_27_22 14, 6, 10, 2
4_26_18 12, 4, 8, 16
7_2_08 5, 13, 1, 9, 2, 10, 14
1_27_08 15
6_10_02 4, 12, 16, 8, 1, 9
5_21_08 6, 14, 2, 10, 7
3_23_14 9, 1, 13
7_31_12 10, 2, 6, 14, 15, 7, 11
5_11_18 12, 4, 8, 16, 5
2_29_04 6, 14
8_7_00 2, 10, 14, 6, 3, 11, 15, 7
6_22_12 8, 16, 4, 12, 5, 13
7_3_14 8, 16, 4, 12, 1, 9, 13
7_14_08 8, 16, 4, 12, 1, 9, 13
7_13_20 14, 6, 10, 2, 11, 3, 7
1_10_14 6
7_30_00 4, 12, 16, 8, 13, 5, 9
2_13_08 8, 16
8_18_16 9, 1, 5, 13, 10, 2, 6, 14
5_2_08 5, 13, 1, 9, 2
3_1_16 9, 1, 5
8_1_16 9, 1, 5, 13, 10, 2, 6, 14
7_31_14 11, 3, 7, 15, 16, 8, 12
4_10_16 11, 3, 7, 15
6_23_10 7, 15, 3, 11, 8, 16
3_3_04 3, 11, 7
3_19_14 8, 16, 12
4_13_08 8, 16, 4, 12
4_29_08 8, 16, 4, 12
3_26_00 15, 7, 11
5_20_18 10, 2, 6, 14, 15
6_19_08 5, 13, 1, 9, 6, 14
7_14_02 5, 13, 1, 9, 14, 6, 10
3_20_22 8, 16, 12
1_6_12 4
3_24_22 9, 1, 13
3_25_22 14, 6, 10
8_25_14 10, 2, 6, 14, 11, 3, 7, 15
5_13_00 4, 12, 16, 8, 1
4_26_20 13, 5, 9, 1
8_19_08 5, 13, 1, 9, 6, 14, 2, 10
6_4_06 4, 12, 16, 8, 1, 9
1_22_02 15
4_5_00 2, 10, 14, 6
4_16_12 10, 2, 6, 14
3_25_02 4, 12, 16
4_30_18 13, 5, 9, 1
2_27_06 6, 14
7_31_02 5, 13, 1, 9, 10, 2, 6
3_8_16 6, 14, 10
4_8_02 3, 11, 15, 7
4_27_12 9, 1, 5, 13
4_21_08 6, 14, 2, 10
3_23_06 5, 13, 9
1_14_06 3
5_6_16 10, 2, 6, 14, 7
3_31_06 7, 15, 11
5_21_18 11, 3, 7, 15, 12
3_12_02 16, 8, 4
1_23_08 14
5_9_06 6, 14, 2, 10, 7
6_21_08 6, 14, 2, 10, 7, 15
3_4_00 13, 5, 1
3_29_14 11, 3, 7
1_9_12 9
1_9_22 14
7_26_08 7, 15, 3, 11, 4, 12, 16
7_10_10 8, 16, 4, 12, 5, 13, 1
1_30_16 8
2_30_08 4, 12
7_5_10 7, 15, 3, 11, 8, 16, 4
4_24_22 13, 5, 9, 1
7_17_22 12, 4, 8, 16, 13, 5, 9
3_11_20 13, 5, 1
3_14_14 7, 15, 3
7_11_14 10, 2, 6, 14, 3, 11, 15
8_5_14 9, 1, 5, 13, 10, 2, 6, 14
2_8_16 6, 14
1_21_00 2
4_24_12 8, 16, 4, 12
5_28_12 9, 1, 5, 13, 14
6_26_02 4, 12, 16, 8, 1, 9
8_17_12 7, 15, 3, 11, 8, 16, 4, 12
8_28_14 10, 2, 6, 14, 11, 3, 7, 15
6_21_20 12, 4, 8, 16, 13, 5
5_26_06 6, 14, 2, 10, 3
4_16_22 15, 7, 11, 3
2_7_22 13, 5
5_2_16 9, 1, 5, 13, 6
8_28_20 13, 5, 9, 1, 14, 6, 10, 2
6_4_16 9, 1, 5, 13, 6, 14
8_18_06 4, 12, 16, 8, 5, 13, 1, 9
5_25_14 10, 2, 6, 14, 11
5_26_16 11, 3, 7, 15, 8
5_23_20 12, 4, 8, 16, 5
7_19_22 12, 4, 8, 16, 5, 13, 1
6_30_16 12, 4, 8, 16, 5, 13
8_29_02 5, 13, 1, 9, 2, 10, 14, 6
3_3_02 2, 10, 6
5_31_14 11, 3, 7, 15, 16
2_30_22 11, 3
2_5_04 4, 12
6_13_14 11, 3, 7, 15, 8, 16
7_7_06 5, 13, 1, 9, 14, 6, 10
4_14_10 9, 1, 5, 13
4_28_14 10, 2, 6, 14
3_9_08 7, 15, 3
6_25_00 3, 11, 15, 7, 4, 12
4_16_16 12, 4, 8, 16
1_6_00 14
5_23_18 11, 3, 7, 15, 4
8_8_12 8, 16, 4, 12, 9, 1, 5, 13
2_5_22 13, 5
6_26_00 3, 11, 15, 7, 16, 8
3_24_08 2, 10, 6
8_13_14 11, 3, 7, 15, 8, 16, 4, 12
5_25_04 5, 13, 1, 9, 6
7_5_22 13, 5, 9, 1, 14, 6, 10
1_29_14 11
3_1_22 12, 4, 8
5_10_12 9, 1, 5, 13, 6
7_3_00 1, 9, 13, 5, 10, 2, 6
2_6_10 3, 11
4_27_08 7, 15, 3, 11
8_21_08 6, 14, 2, 10, 7, 15, 3, 11
4_16_06 7, 15, 3, 11
1_29_22 15
4_15_06 7, 15, 3, 11
2_26_18 8, 16
3_7_08 6, 14, 10
1_9_06 6
8_15_06 7, 15, 3, 11, 4, 12, 16, 8
6_26_16 11, 3, 7, 15, 8, 16
5_20_16 9, 1, 5, 13, 14
6_10_12 9, 1, 5, 13, 6, 14
4_7_04 4, 12, 16, 8
6_30_08 8, 16, 4, 12, 1, 9
8_22_06 5, 13, 1, 9, 6, 14, 2, 10
2_5_08 6, 14
2_2_10 2, 10
4_25_02 4, 12, 16, 8
2_14_12 6, 14
3_21_10 7, 15, 3
7_11_16 11, 3, 7, 15, 4, 12, 16
1_1_14 8
4_2_14 8, 16, 4, 12
1_17_08 5
