2_6_06 1, 9
6_19_06 4, 12, 16, 8, 5, 13
2_24_20 8, 16
7_18_04 3, 11, 15, 7, 16, 8, 12
4_7_22 13, 5, 9, 1
6_21_18 11, 3, 7, 15, 12, 4
3_30_02 1, 9, 13
2_10_10 4, 12
2_28_14 6, 14
3_27_04 5, 13, 9
4_25_18 12, 4, 8, 16
4_18_20 11, 3, 7, 15
5_25_20 13, 5, 9, 1, 14
6_19_10 6, 14, 2, 10, 7, 15
5_9_06 6, 14, 2, 10, 7
4_1_08 5, 13, 1, 9
7_12_20 13, 5, 9, 1, 2, 10, 14
1_6_02 15
4_21_20 12, 4, 8, 16
8_29_18 13, 5, 9, 1, 10, 2, 6, 14
2_14_10 5, 13
3_22_20 8, 16, 4
1_22_12 4
2_14_16 8, 16
5_12_00 3, 11, 15, 7, 8
3_3_10 6, 14, 10
7_7_06 5, 13, 1, 9, 14, 6, 10
4_12_22 14, 6, 10, 2
8_5_14 9, 1, 5, 13, 10, 2, 6, 14
6_28_10 8, 16, 4, 12, 5, 13
6_2_08 5, 13, 1, 9, 2, 10
3_6_08 2, 10, 14
5_31_20 14, 6, 10, 2, 3
6_28_14 10, 2, 6, 14, 7, 15
3_1_16 9, 1, 5
4_26_18 12, 4, 8, 16
6_28_00 3, 11, 15, 7, 16, 8
7_11_14 10, 2, 6, 14, 3, 11, 15
8_12_04 5, 13, 1, 9, 6, 14, 2, 10
7_30_00 4, 12, 16, 8, 13, 5, 9
3_20_16 5, 13, 9
7_29_18 13, 5, 9, 1, 10, 2, 6
5_15_02 5, 13, 1, 9, 10
8_26_06 6, 14, 2, 10, 7, 15, 3, 11
2_8_08 2, 10
1_7_16 2
6_11_20 13, 5, 9, 1, 14, 6
2_30_02 1, 9
5_6_00 2, 10, 14, 6, 15
4_22_16 10, 2, 6, 14
1_2_00 13
3_4_16 5, 13, 9
3_2_22 8, 16, 4
3_29_08 8, 16, 4
8_6_02 3, 11, 15, 7, 4, 12, 16, 8
5_29_14 11, 3, 7, 15, 8
1_4_22 16
1_7_10 15
4_19_14 8, 16, 4, 12
6_5_04 4, 12, 16, 8, 5, 13
4_27_12 9, 1, 5, 13
2_11_04 5, 13
7_22_00 2, 10, 14, 6, 15, 7, 11
5_18_06 4, 12, 16, 8, 1
3_4_20 7, 15, 11
1_19_06 12
6_20_00 1, 9, 13, 5, 14, 6
7_16_00 4, 12, 16, 8, 5, 13, 1
7_16_20 14, 6, 10, 2, 15, 7, 11
8_28_16 11, 3, 7, 15, 12, 4, 8, 16
8_23_08 6, 14, 2, 10, 7, 15, 3, 11
7_2_16 9, 1, 5, 13, 6, 14, 2
5_17_14 8, 16, 4, 12, 9
6_27_18 12, 4, 8, 16, 13, 5
2_24_04 16, 8
4_26_22 14, 6, 10, 2
4_29_00 4,12, 16, 8
3_7_20 12, 4, 16
7_9_14 10, 2, 6, 14, 11, 3, 7
4_21_18 11, 3, 7, 15
7_4_22 12, 4, 8, 16, 1, 9, 13
7_24_20 12, 4, 8, 16, 1, 9, 13
2_22_18 7, 15
3_20_10 2, 10, 6
1_2_14 4
4_7_00 2, 10, 14, 6
8_8_04 4, 12, 16, 8, 5, 13, 1, 9
6_7_06 5, 13, 1, 9, 6, 14
3_9_00 3, 11, 15
3_24_04 16, 8, 4
4_23_20 12, 4, 8, 16
2_23_16 10, 2
3_5_10 7, 15, 3
4_10_02 4, 12, 16, 8
5_10_12 9, 1, 5, 13, 6
6_30_12 10, 2, 6, 14, 3, 11
1_19_14 16
7_6_02 3, 11, 15, 7, 16, 8, 12
5_13_18 13, 5, 9, 1, 10
8_13_10 9, 1, 5, 13, 6, 14, 2, 10
8_16_04 6, 14, 2, 10, 3, 11, 15, 7
6_8_16 10, 2, 6, 14, 7, 15
2_16_10 5, 13
5_16_20 14, 6, 10, 2, 15
4_9_06 6, 14, 2, 10
4_13_02 5, 13, 1, 9
7_9_12 9, 1, 5, 13, 10, 2, 6
6_27_22 14, 6, 10, 2, 15, 7
1_23_10 15
5_9_02 4, 12, 16, 8, 5
3_21_20 12, 4, 8
1_26_22 10
5_24_08 6, 14, 2, 10, 11
3_10_18 8, 16, 4
3_9_20 13, 5, 9
5_28_06 6, 14, 2, 10, 11
3_16_10 5, 13, 9
3_10_08 3, 11, 15
8_10_04 5, 13, 1, 9, 6, 14, 2, 10
6_17_14 8, 16, 4, 12, 9, 1
2_19_12 7, 15
3_13_00 4,12, 16
2_12_04 1, 9
3_19_02 2, 10, 6
8_24_18 11, 3, 7, 15, 12, 4, 8, 16
5_11_04 5, 13, 1, 9, 14
3_1_06 4, 12, 16
1_24_10 11
3_7_10 7, 15, 11
4_28_18 12, 4, 8, 16
2_26_02 16, 8
8_11_04 5, 13, 1, 9, 6, 14, 2, 10
1_17_20 11
7_6_20 12, 4, 8, 16, 9, 1, 5
3_16_14 7, 15, 11
2_16_22 11, 3
1_9_00 3
2_30_10 5, 13
6_11_16 11, 3, 7, 15, 12, 4
1_13_08 8
4_24_00 2, 10, 14, 6
6_6_16 10, 2, 6, 14, 7, 15
5_16_18 13, 5, 9, 1, 14
4_27_04 5, 13, 1, 9
6_11_08 7, 15, 3, 11, 8, 16
1_4_10 10
5_23_18 11, 3, 7, 15, 4
3_12_00 15, 7, 3
8_25_14 10, 2, 6, 14, 11, 3, 7, 15
1_13_18 13
3_22_16 6, 14, 2
3_23_22 13, 5, 1
7_11_12 9, 1, 5, 13, 2, 10, 14
4_29_18 13, 5, 9, 1
2_20_20 7, 15
5_1_06 4, 12, 16, 8, 5
1_29_18 13
3_20_18 6, 14, 10
6_31_10 9, 1, 5, 13, 6, 14
2_12_22 10, 2
3_25_20 13, 5, 9
6_21_22 13, 5, 9, 1, 14, 6
5_7_12 8, 16, 4, 12, 1
2_7_02 3, 11
2_14_20 10, 2
3_7_22 13, 5, 1
6_6_02 3, 11, 15, 7, 16, 8
6_12_16 11, 3, 7, 15, 8, 16
3_15_18 13, 5, 1
6_17_04 3, 11, 15, 7, 4, 12
2_21_14 9, 1
6_27_04 5, 13, 1, 9, 6, 14
5_29_04 6, 14, 2, 10, 3
6_23_18 11, 3, 7, 15, 12, 4
8_18_08 5, 13, 1, 9, 6, 14, 2, 10
1_28_22 2
8_8_20 12, 4, 8, 16, 13, 5, 9, 1
2_28_10 4, 12
7_6_18 11, 3, 7, 15, 8, 16, 4
3_7_00 2, 10, 6
1_19_12 15
3_26_20 9, 1, 5
8_2_04 3, 11, 15, 7, 4, 12, 16, 8
5_4_16 9, 1, 5, 13, 14
5_15_08 8, 16, 4, 12, 13
2_24_10 3, 11
4_11_16 11, 3, 7, 15
7_7_00 2, 10, 14, 6, 11, 3, 7
6_16_08 8, 16, 4, 12, 1, 9
3_22_12 4, 12, 16
1_23_16 2
4_17_06 4, 12, 16, 8
2_28_18 8, 16
4_14_08 8, 16, 4, 12
2_16_06 3, 11
8_9_08 7, 15, 3, 11, 8, 16, 4, 12
7_12_04 5, 13, 1, 9, 10, 2, 6
7_22_06 5, 13, 1, 9, 2, 10, 14
8_27_22 14, 6, 10, 2, 15, 7, 11, 3
4_3_08 5, 13, 1, 9
8_30_18 13, 5, 9, 1, 10, 2, 6, 14
7_7_16 10, 2, 6, 14, 3, 11, 15
7_13_14 11, 3, 7, 15, 8, 16, 4
8_24_06 5, 13, 1, 9, 6, 14, 2, 10
1_26_12 5
1_31_02 13
1_5_22 13
1_3_22 4
4_14_12 10, 2, 6, 14
4_1_04 3, 11, 15, 7
2_29_10 9, 1
3_17_02 2, 10, 14
3_8_10 3, 11, 7
1_23_14 1
2_10_22 10, 2
4_19_10 6, 14, 2, 10
2_1_16 9, 1
8_6_06 5, 13, 1, 9, 6, 14, 2, 10
3_16_00 16, 8, 4
2_21_12 8, 16
5_5_14 9, 1, 5, 13, 10
3_24_16 6, 14, 10
8_14_16 12, 4, 8, 16, 9, 1, 5, 13
6_24_06 5, 13, 1, 9, 2, 10
7_26_12 9, 1, 5, 13, 6, 14, 2
2_31_06 7, 15
3_31_00 4,12, 8
2_4_06 16, 8
5_7_06 5, 13, 1, 9, 14
2_7_22 13, 5
5_29_10 9, 1, 5, 13, 6
6_16_20 14, 6, 10, 2, 7, 15
6_25_04 5, 13, 1, 9, 6, 14
1_28_08 11
6_14_12 10, 2, 6, 14, 3, 11
1_26_18 8
8_21_20 12, 4, 8, 16, 13, 5, 9, 1
7_10_06 6, 14, 2, 10, 3, 11, 15
8_31_06 7, 15, 3, 11, 4, 12, 16, 8
7_18_06 4, 12, 16, 8, 1, 9, 13
5_31_04 6, 14, 2, 10, 11
7_11_02 4, 12, 16, 8, 13, 5, 9
4_27_08 7, 15, 3, 11
4_4_02 2, 10, 14, 6
7_2_04 3, 11, 15, 7, 16, 8, 12
5_20_22 12, 4, 8, 16, 1
1_31_14 3
6_20_14 8, 16, 4, 12, 5, 13
7_10_12 9, 1, 5, 13, 6, 14, 2
2_21_02 3, 11
7_15_08 8, 16, 4, 12, 13, 5, 9
7_21_10 7, 15, 3, 11, 8, 16, 4
4_3_06 4, 12, 16, 8
2_1_12 7, 15
4_20_10 6, 14, 2, 10
3_15_20 14, 6, 2
3_2_20 7, 15, 3
8_15_08 8, 16, 4, 12, 5, 13, 1, 9
2_10_04 1, 9
6_7_08 6, 14, 2, 10, 7, 15
4_20_18 10, 2, 6, 14
8_11_02 4, 12, 16, 8, 5, 13, 1, 9
6_24_04 4, 12, 16, 8, 1, 9
2_1_20 11, 3
4_15_18 13, 5, 9, 1
2_16_16 8, 16
1_10_04 1
6_4_16 9, 1, 5, 13, 6, 14
2_20_06 16, 8
7_25_02 4, 12, 16, 8, 5, 13, 1
7_27_22 14, 6, 10, 2, 7, 15, 3
5_3_20 11, 3, 7, 15, 4
5_18_14 8, 16, 4, 12, 5
7_29_20 14, 6, 10, 2, 11, 3, 7
3_13_06 7, 15, 3
4_25_16 11, 3, 7, 15
5_4_12 7, 15, 3, 11, 12
5_22_06 5, 13, 1, 9, 2
4_10_18 12, 4, 8, 16
4_5_20 12, 4, 8, 16
4_22_04 4, 12, 16, 8
3_5_08 6, 14, 2
2_6_12 4, 12
3_18_20 7, 15, 3
4_14_18 13, 5, 9, 1
5_9_10 8, 16, 4, 12, 9
2_15_18 13, 5
2_24_16 6, 14
2_12_14 6, 14
7_16_08 8, 16, 4, 12, 9, 1, 5
2_25_00 3, 11
5_24_20 12, 4, 8, 16, 1
4_26_14 10, 2, 6, 14
1_8_18 15
2_17_10 6, 14
3_19_00 1, 9, 5
3_7_14 9, 1, 13
2_9_10 8, 16
2_28_02 16, 8
6_25_12 9, 1, 5, 13, 10, 2
5_10_00 3, 11, 15, 7, 16
6_14_04 6, 14, 2, 10, 15, 7
1_6_10 3
8_27_12 9, 1, 5, 13, 10, 2, 6, 14
1_4_18 14
1_24_04 8
6_28_18 12, 4, 8, 16, 9, 1
1_10_20 9
5_30_06 7, 15, 3, 11, 16
4_13_22 15, 7, 11, 3
5_19_02 2, 10, 14, 6, 11
1_26_04 1
5_22_20 12, 4, 8, 16, 9
1_28_16 15
8_17_14 8, 16, 4, 12, 9, 1, 5, 13
6_8_00 2, 10, 14, 6, 15, 7
6_9_22 14, 6, 10, 2, 15, 7
1_26_14 6
1_16_12 14
2_23_04 4, 12
5_2_10 6, 14, 2, 10, 3
8_5_16 10, 2, 6, 14, 11, 3, 7, 15
3_16_16 8, 16, 12
7_10_02 4, 12, 16, 8, 1, 9, 13
5_21_16 10, 2, 6, 14, 11
7_19_12 7, 15, 3, 11, 16, 8, 12
8_24_16 10, 2, 6, 14, 11, 3, 7, 15
1_25_00 3
2_13_08 8, 16
3_5_14 9, 1, 5
2_21_06 5, 13
5_19_14 8, 16, 4, 12, 1
7_19_14 8, 16, 4, 12, 1, 9, 13
4_28_10 8, 16, 4, 12
2_9_06 6, 14
4_7_04 4, 12, 16, 8
5_23_16 10, 2, 6, 14, 3
6_5_10 7, 15, 3, 11, 8, 16
2_5_14 9, 1
4_21_00 2, 10, 14, 6
6_27_08 7, 15, 3, 11, 8, 16
6_26_08 7, 15, 3, 11, 4, 12
1_15_00 12
7_4_14 8, 16, 4, 12, 13, 5, 9
6_17_22 12, 4, 8, 16, 13, 5
6_31_18 13, 5, 9, 1, 10, 2
3_27_14 10, 2, 14
4_28_14 10, 2, 6, 14
6_16_18 13, 5, 9, 1, 6, 14
2_7_04 4, 12
4_9_02 4, 12, 16, 8
4_22_06 5, 13, 1, 9
1_23_08 14
4_15_22 15, 7, 11, 3
7_12_00 3, 11, 15, 7, 8, 16, 4
5_2_12 7, 15, 3, 11, 4
8_28_12 9, 1, 5, 13, 10, 2, 6, 14
4_18_08 5, 13, 1, 9
6_20_10 6, 14, 2, 10, 3, 11
3_5_04 4, 12, 16
1_25_10 8
1_28_20 1
7_12_16 11, 3, 7, 15, 16, 8, 12
6_13_16 12, 4, 8, 16, 9, 1
1_18_18 6
7_1_04 3, 11, 15, 7, 4, 12, 16
2_9_12 9, 1
3_21_04 4, 12, 16
6_4_08 5, 13, 1, 9, 2, 10
7_9_00 3, 11, 15, 7, 4, 12, 16
7_28_18 12, 4, 8, 16, 1, 9, 13
4_22_08 6, 14, 2, 10
4_20_16 9, 1, 5, 13
8_5_20 12, 4, 8, 16, 13, 5, 9, 1
7_17_20 11, 3, 7, 15, 12, 4, 8
5_27_00 3, 11, 15, 7, 12
3_21_16 10, 2, 6
7_21_04 4, 12, 16, 8, 5, 13, 1
2_18_04 15, 7
3_17_20 11, 3, 7
8_31_00 4, 12, 16, 8, 1, 9, 13, 5
3_17_18 10, 2, 6
7_5_10 7, 15, 3, 11, 8, 16, 4
4_17_04 3, 11, 15, 7
4_3_22 12, 4, 8, 16
6_1_20 11, 3, 7, 15, 12, 4
3_27_18 12, 4, 16
7_22_04 4, 12, 16, 8, 1, 9, 13
4_17_08 5, 13, 1, 9
7_15_04 6, 14, 2, 10, 11, 3, 7
4_14_02 5, 13, 1, 9
7_28_12 9, 1, 5, 13, 14, 6, 10
7_26_02 4, 12, 16, 8, 1, 9, 13
7_11_06 6, 14, 2, 10, 15, 7, 11
1_4_12 11
7_17_18 10, 2, 6, 14, 11, 3, 7
4_3_02 2, 10, 14, 6
8_8_22 13, 5, 9, 1, 14, 6, 10, 2
5_6_14 9, 1, 5, 13, 6
7_30_10 9, 1, 5, 13, 2, 10, 14
4_19_16 9, 1, 5, 13
1_10_16 7
1_17_10 6
3_8_04 16, 8, 4
6_13_20 14, 6, 10, 2, 11, 3
6_29_20 14, 6, 10, 2, 11, 3
4_4_10 6, 14, 2, 10
1_16_22 3
4_13_14 11, 3, 7, 15
7_18_02 2, 10, 14, 6, 15, 7, 11
1_9_02 4
6_22_12 8, 16, 4, 12, 5, 13
2_13_04 6, 14
3_18_02 14, 6, 10
8_24_20 12, 4, 8, 16, 13, 5, 9, 1
1_27_00 11
5_8_04 4, 12, 16, 8, 9
8_5_00 2, 10, 14, 6, 3, 11, 15, 7
8_15_16 12, 4, 8, 16, 9, 1, 5, 13
3_6_04 16, 8, 12
3_11_16 11, 3, 15
4_31_08 8, 16, 12
5_20_02 2, 10, 14, 6, 7
6_8_18 11, 3, 7, 15, 8, 16
2_7_18 11, 3
8_2_02 2, 10, 14, 6, 3, 11, 15, 7
5_31_18 13, 5, 9, 1, 2
4_16_10 9, 1, 5, 13
5_25_08 7, 15, 3, 11, 8
4_25_22 14, 6, 10, 2
4_19_00 1, 9, 13, 5
2_2_04 15, 7
5_1_10 6, 14, 2, 10, 7
7_15_22 15, 7, 11, 3, 4, 12, 16
1_11_10 16
3_28_12 5, 13, 9
8_9_18 12, 4, 8, 16, 13, 5, 9, 1
8_16_10 9, 1, 5, 13, 6, 14, 2, 10
8_1_00 1, 9, 13, 5, 2, 10, 14, 6
8_18_00 1, 9, 13, 5, 2, 10, 14, 6
6_17_16 9, 1, 5, 13, 10, 2
7_24_02 3, 11, 15, 7, 8, 16, 4
1_13_16 12
1_31_12 2
8_25_18 12, 4, 8, 16, 13, 5, 9, 1
4_12_08 7, 15, 3, 11
7_17_06 4, 12, 16, 8, 5, 13, 1
8_29_08 8, 16, 4, 12, 5, 13, 1, 9
1_1_18 10
8_28_04 5, 13, 1, 9, 6, 14, 2, 10
2_15_10 9, 1
8_6_04 4, 12, 16, 8, 5, 13, 1, 9
2_6_20 8, 16
6_30_06 7, 15, 3, 11, 16, 8
5_17_18 10, 2, 6, 14, 11
4_29_04 6, 14, 2, 10
5_3_22 12, 4, 8, 16, 5
1_4_16 13
4_13_00 4,12, 16, 8
6_15_20 14, 6, 10, 2, 11, 3
4_5_04 4, 12, 16, 8
2_23_02 3, 11
8_16_16 12, 4, 8, 16, 9, 1, 5, 13
6_17_20 11, 3, 7, 15, 12, 4
7_8_04 4, 12, 16, 8, 9, 1, 5
3_27_16 11, 3, 15
8_14_02 5, 13, 1, 9, 2, 10, 14, 6
3_6_16 6, 14, 2
4_28_06 6, 14, 2, 10
3_11_22 14, 6, 2
6_15_12 10, 2, 6, 14, 7, 15
6_15_00 4, 12, 16, 8, 1, 9
2_22_12 4, 12
3_25_14 10, 2, 6
5_27_20 13, 5, 9, 1, 6
5_21_22 13, 5, 9, 1, 14
7_23_16 10, 2, 6, 14, 3, 11, 15
4_4_12 7, 15, 3, 11
5_11_00 3, 11, 15, 7, 12
8_4_00 1, 9, 13, 5, 2, 10, 14, 6
6_23_14 9, 1, 5, 13, 10, 2
6_8_14 9, 1, 5, 13, 6, 14
8_4_14 8, 16, 4, 12, 9, 1, 5, 13
6_22_18 11, 3, 7, 15, 8, 16
8_5_04 4, 12, 16, 8, 5, 13, 1, 9
8_30_04 6, 14, 2, 10, 3, 11, 15, 7
3_14_18 9, 1, 5
2_13_22 15, 7
1_24_18 15
8_27_04 5, 13, 1, 9, 6, 14, 2, 10
6_2_12 7, 15, 3, 11, 4, 12
1_17_22 12
8_13_04 6, 14, 2, 10, 3, 11, 15, 7
4_6_08 6, 14, 2, 10
1_12_08 11
6_8_22 13, 5, 9, 1, 10, 2
2_3_16 9, 1
8_21_04 4, 12, 16, 8, 5, 13, 1, 9
5_26_00 3, 11, 15, 7, 16
5_19_10 6, 14, 2, 10, 15
6_17_00 1, 9, 13, 5, 2, 10
8_10_22 14, 6, 10, 2, 15, 7, 11, 3
1_12_14 14
3_11_20 13, 5, 1
6_20_12 7, 15, 3, 11, 4, 12
1_16_18 1
2_6_04 16, 8
6_7_04 4, 12, 16, 8, 5, 13
8_29_00 4, 12, 16, 8, 1, 9, 13, 5
6_27_02 4, 12, 16, 8, 5, 13
5_29_06 7, 15, 3, 11, 4
6_18_20 11, 3, 7, 15, 8, 16
4_10_22 14, 6, 10, 2
2_31_16 12, 4
8_7_02 3, 11, 15, 7, 4, 12, 16, 8
4_5_14 9, 1, 5, 13
7_11_16 11, 3, 7, 15, 4, 12, 16
1_25_14 10
6_3_08 5, 13, 1, 9, 6, 14
8_9_16 11, 3, 7, 15, 12, 4, 8, 16
6_14_08 8, 16, 4, 12, 1, 9
7_16_12 10, 2, 6, 14, 11, 3, 7
3_24_20 8, 16, 12
1_17_04 3
5_10_22 14, 6, 10, 2, 11
1_29_00 4
2_2_06 16, 8
8_11_16 11, 3, 7, 15, 12, 4, 8, 16
5_17_22 12, 4, 8, 16, 13
5_13_02 5, 13, 1, 9, 2
2_10_00 15, 7
8_2_20 11, 3, 7, 15, 12, 4, 8, 16
8_2_08 5, 13, 1, 9, 6, 14, 2, 10
5_15_04 6, 14, 2, 10, 11
2_4_20 7, 15
8_9_06 6, 14, 2, 10, 7, 15, 3, 11
3_2_14 4, 12, 16
2_25_12 9, 1
1_11_08 15
2_29_02 5, 13
8_28_06 6, 14, 2, 10, 7, 15, 3, 11
5_10_08 7, 15, 3, 11, 4
4_22_00 2, 10, 14, 6
8_16_00 4, 12, 16, 8, 1, 9, 13, 5
4_6_12 8, 16, 4, 12
7_28_06 6, 14, 2, 10, 11, 3, 7
8_21_16 10, 2, 6, 14, 11, 3, 7, 15
3_14_20 10, 2, 6
8_9_04 5, 13, 1, 9, 6, 14, 2, 10
5_24_02 3, 11, 15, 7, 8
1_23_04 12
4_28_02 4, 12, 16, 8
6_29_06 7, 15, 3, 11, 4, 12
8_31_08 8, 16, 4, 12, 5, 13, 1, 9
8_13_16 12, 4, 8, 16, 9, 1, 5, 13
3_19_04 3, 11, 7
4_27_06 6, 14, 2, 10
7_10_18 12, 4, 8, 16, 9, 1, 5
1_6_12 4
2_23_00 2, 10
8_13_02 5, 13, 1, 9, 2, 10, 14, 6
2_26_16 7, 15
7_14_16 12, 4, 8, 16, 5, 13, 1
5_26_06 6, 14, 2, 10, 3
2_27_06 6, 14
8_30_22 15, 7, 11, 3, 12, 4, 8, 16
6_3_22 12, 4, 8, 16, 13, 5
1_2_20 7
8_19_10 6, 14, 2, 10, 7, 15, 3, 11
1_15_08 16
5_26_20 13, 5, 9, 1, 10
8_26_16 11, 3, 7, 15, 12, 4, 8, 16
8_19_04 3, 11, 15, 7, 4, 12, 16, 8
4_17_22 12, 4, 8, 16
1_18_04 15
6_31_00 4, 12, 16, 8, 1, 9
1_4_06 8
3_8_18 7, 15, 11
4_10_16 11, 3, 7, 15
7_23_02 3, 11, 15, 7, 12, 4, 8
1_7_08 14
5_30_08 8, 16, 4, 12, 1
2_7_12 8, 16
4_25_08 7, 15, 3, 11
8_20_22 12, 4, 8, 16, 13, 5, 9, 1
8_21_08 6, 14, 2, 10, 7, 15, 3, 11
2_10_14 6, 14
8_27_06 6, 14, 2, 10, 7, 15, 3, 11
4_31_22 15, 7, 11, 3
3_26_08 3, 11, 15
2_2_00 13, 5
7_16_14 11, 3, 7, 15, 12, 4, 8
7_7_08 6, 14, 2, 10, 15, 7, 11
8_22_04 4, 12, 16, 8, 5, 13, 1, 9
2_22_16 6, 14
2_16_04 2, 10
5_24_06 5, 13, 1, 9, 10
7_6_14 9, 1, 5, 13, 6, 14, 2
5_29_16 12, 4, 8, 16, 9
4_24_06 5, 13, 1, 9
2_4_22 8, 16
4_7_10 7, 15, 3, 11
5_11_20 13, 5, 9, 1, 6
4_14_16 12, 4, 8, 16
7_5_02 3, 11, 15, 7, 4, 12, 16
3_28_20 9, 1, 13
7_5_04 4, 12, 16, 8, 5, 13, 1
2_22_06 1, 9
3_6_00 14, 6, 10
8_25_10 8, 16, 4, 12, 9, 1, 5, 13
1_4_02 6
3_23_14 9, 1, 13
8_30_16 12, 4, 8, 16, 9, 1, 5, 13
4_16_06 7, 15, 3, 11
8_9_02 4, 12, 16, 8, 5, 13, 1, 9
5_14_16 12, 4, 8, 16, 5
3_29_04 6, 14, 2
8_15_04 6, 14, 2, 10, 3, 11, 15, 7
3_18_00 13, 5, 9
3_17_06 4, 12, 16
4_21_14 9, 1, 5, 13
3_29_00 4,12, 16
8_14_22 15, 7, 11, 3, 12, 4, 8, 16
7_3_12 7, 15, 3, 11, 16, 8, 12
7_30_12 10, 2, 6, 14, 3, 11, 15
8_1_10 6, 14, 2, 10, 7, 15, 3, 11
1_21_08 6
6_9_06 6, 14, 2, 10, 7, 15
6_16_10 9, 1, 5, 13, 2, 10
4_22_10 7, 15, 3, 11
7_12_22 14, 6, 10, 2, 3, 11, 15
7_21_20 12, 4, 8, 16, 13, 5, 9
1_12_02 8
6_11_10 8, 16, 4, 12, 9, 1
2_18_02 14, 6
4_14_20 14, 6, 10, 2
7_2_18 10, 2, 6, 14, 7, 15, 3
2_8_04 16, 8
5_4_20 11, 3, 7, 15, 16
2_29_18 13, 5
4_20_08 5, 13, 1, 9
6_6_22 13, 5, 9, 1, 10, 2
6_30_20 14, 6, 10, 2, 7, 15
4_24_22 13, 5, 9, 1
4_10_12 9, 1, 5, 13
3_26_12 5, 13, 1
6_27_10 8, 16, 4, 12, 9, 1
3_26_16 7, 15, 3
4_30_22 15, 7, 11, 3
7_20_18 10, 2, 6, 14, 15, 7, 11
6_20_02 2, 10, 14, 6, 15, 7
5_25_22 14, 6, 10, 2, 15
1_8_00 6
4_27_00 3, 11, 15, 7
6_14_06 7, 15, 3, 11, 16, 8
4_4_22 12, 4, 8, 16
8_7_00 2, 10, 14, 6, 3, 11, 15, 7
8_1_12 7, 15, 3, 11, 8, 16, 4, 12
2_29_16 12, 4
3_18_22 8, 16, 4
7_24_12 8, 16, 4, 12, 13, 5, 9
3_14_14 7, 15, 3
5_27_22 14, 6, 10, 2, 7
3_9_18 12, 4, 8
7_27_12 9, 1, 5, 13, 2, 10, 14
3_11_08 7, 15, 11
7_24_10 7, 15, 3, 11, 12, 4, 8
2_20_14 4, 12
7_6_10 7, 15, 3, 11, 4, 12, 16
6_3_18 10, 2, 6, 14, 11, 3
6_31_12 10, 2, 6, 14, 7, 15
5_6_12 8, 16, 4, 12, 5
5_20_10 6, 14, 2, 10, 11
8_26_00 3, 11, 15, 7, 4, 12, 16, 8
5_8_10 7, 15, 3, 11, 12
4_30_00 4,12, 16, 8
3_31_10 9, 1, 13
3_1_04 3, 11, 15
3_13_12 10, 2, 6
4_31_16 12, 4, 8, 16
1_1_02 2
6_27_06 6, 14, 2, 10, 7, 15
5_26_10 8, 16, 4, 12, 5
2_21_18 11, 3
5_1_20 11, 3, 7, 15, 12
7_7_22 13, 5, 9, 1, 6, 14, 2
1_28_02 8
7_22_02 3, 11, 15, 7, 16, 8, 12
1_13_00 4
7_26_10 8, 16, 4, 12, 5, 13, 1
1_10_00 15
7_7_02 3, 11, 15, 7, 12, 4, 8
4_21_12 8, 16, 4, 12
2_26_12 5, 13
4_1_02 2, 10, 14, 6
2_12_16 7, 15
1_7_02 11
1_5_20 12
8_6_18 11, 3, 7, 15, 12, 4, 8, 16
6_6_12 8, 16, 4, 12, 5, 13
6_15_06 7, 15, 3, 11, 4, 12
7_4_00 1, 9, 13, 5, 6, 14, 2
8_18_18 10, 2, 6, 14, 11, 3, 7, 15
8_17_22 12, 4, 8, 16, 13, 5, 9, 1
6_16_00 4, 12, 16, 8, 13, 5
1_21_00 2
1_5_00 2
2_1_06 4, 12
7_13_20 14, 6, 10, 2, 11, 3, 7
3_13_18 13, 5, 9
1_4_00 5
6_30_08 8, 16, 4, 12, 1, 9
1_7_14 1
5_19_12 7, 15, 3, 11, 16
4_15_16 12, 4, 8, 16
1_4_08 9
2_20_00 13, 5
6_12_08 7, 15, 3, 11, 4, 12
3_2_02 14, 6, 10
5_31_10 9, 1, 5, 13, 14
3_25_08 7, 15, 3
6_26_00 3, 11, 15, 7, 16, 8
8_29_12 10, 2, 6, 14, 7, 15, 3, 11
3_25_12 9, 1, 5
7_26_04 5, 13, 1, 9, 2, 10, 14
6_9_10 8, 16, 4, 12, 9, 1
1_8_10 11
2_3_10 6, 14
5_30_10 9, 1, 5, 13, 2
5_30_12 10, 2, 6, 14, 3
5_30_04 6, 14, 2, 10, 15
4_20_20 11, 3, 7, 15
6_24_20 12, 4, 8, 16, 9, 1
8_3_12 7, 15, 3, 11, 8, 16, 4, 12
4_20_04 3, 11, 15, 7
2_25_18 12, 4
1_19_10 14
3_10_10 4, 12, 16
3_30_06 3, 11, 15
3_17_10 6, 14, 2
1_26_06 2
5_20_12 7, 15, 3, 11, 12
3_4_02 14, 6, 2
5_23_14 9, 1, 5, 13, 2
2_16_14 7, 15
6_10_08 7, 15, 3, 11, 4, 12
8_4_02 2, 10, 14, 6, 3, 11, 15, 7
2_8_16 6, 14
4_6_22 13, 5, 9, 1
1_25_06 6
7_8_08 6, 14, 2, 10, 11, 3, 7
4_6_06 5, 13, 1, 9
8_6_10 7, 15, 3, 11, 8, 16, 4, 12
8_5_06 5, 13, 1, 9, 6, 14, 2, 10
5_13_04 6, 14, 2, 10, 3
1_18_00 13
5_2_18 10, 2, 6, 14, 7
7_5_20 12, 4, 8, 16, 13, 5, 9
8_6_00 2, 10, 14, 6, 3, 11, 15, 7
6_1_14 8, 16, 4, 12, 9, 1
5_10_04 5, 13, 1, 9, 2
4_31_00 4,12, 16, 8
5_22_14 9, 1, 5, 13, 6
7_12_18 12, 4, 8, 16, 1, 9, 13
7_3_10 6, 14, 2, 10, 15, 7, 11
6_26_22 14, 6, 10, 2, 11, 3
5_17_10 6, 14, 2, 10, 7
7_23_10 7, 15, 3, 11, 16, 8, 12
6_22_04 4, 12, 16, 8, 1, 9
1_30_22 11
1_1_12 7
4_23_06 5, 13, 1, 9
6_1_16 9, 1, 5, 13, 10, 2
5_22_04 4, 12, 16, 8, 1
2_8_06 1, 9
5_25_02 4, 12, 16, 8, 5
8_7_06 5, 13, 1, 9, 6, 14, 2, 10
6_5_02 3, 11, 15, 7, 4, 12
3_27_12 9, 1, 13
8_5_12 8, 16, 4, 12, 9, 1, 5, 13
1_5_12 8
8_12_00 3, 11, 15, 7, 4, 12, 16, 8
1_17_06 4
3_22_00 14, 6, 10
8_23_22 13, 5, 9, 1, 14, 6, 10, 2
2_27_00 3, 11
6_30_16 12, 4, 8, 16, 5, 13
1_3_14 16
2_27_08 7, 15
3_20_22 8, 16, 12
7_26_20 13, 5, 9, 1, 10, 2, 6
5_19_06 4, 12, 16, 8, 13
1_22_22 9
4_21_22 13, 5, 9, 1
3_12_20 9, 1, 13
1_15_16 4
3_25_22 14, 6, 10
3_4_10 2, 10, 6
8_24_08 6, 14, 2, 10, 7, 15, 3, 11
5_19_20 11, 3, 7, 15, 4
7_14_18 13, 5, 9, 1, 6, 14, 2
7_12_08 7, 15, 3, 11, 12, 4, 8
7_9_08 7, 15, 3, 11, 8, 16, 4
8_22_02 3, 11, 15, 7, 4, 12, 16, 8
1_6_04 16
8_12_20 13, 5, 9, 1, 14, 6, 10, 2
4_2_00 1, 9, 13, 5
5_15_22 15, 7, 11, 3, 4
6_10_10 8, 16, 4, 12, 5, 13
5_1_02 2, 10, 14, 6, 3
2_15_22 15, 7
4_5_10 7, 15, 3, 11
2_18_18 6, 14
4_22_20 12, 4, 8, 16
2_25_14 10, 2
1_31_16 4
4_29_20 14, 6, 10, 2
8_23_04 4, 12, 16, 8, 5, 13, 1, 9
6_17_12 7, 15, 3, 11, 8, 16
2_12_02 16, 8
1_9_04 5
1_11_20 5
3_24_10 3, 11, 7
3_17_14 8, 16, 4
3_14_16 8, 16, 4
3_8_16 6, 14, 10
8_25_16 11, 3, 7, 15, 12, 4, 8, 16
3_21_18 11, 3, 7
1_24_00 6
7_8_02 3, 11, 15, 7, 8, 16, 4
6_4_20 11, 3, 7, 15, 8, 16
2_3_00 1, 9
1_27_12 1
1_28_14 14
3_4_14 4, 12, 8
4_5_08 6, 14, 2, 10
1_10_06 2
7_15_14 11, 3, 7, 15, 16, 8, 12
7_21_08 6, 14, 2, 10, 7, 15, 3
7_21_12 8, 16, 4, 12, 9, 1, 5
2_14_02 1, 9
1_13_10 9
7_6_00 2, 10, 14, 6, 15, 7, 11
7_3_00 1, 9, 13, 5, 10, 2, 6
5_3_00 1, 9, 13, 5, 10
4_22_22 13, 5, 9, 1
6_6_08 6, 14, 2, 10, 3, 11
2_23_22 13, 5
1_21_20 12
8_27_20 13, 5, 9, 1, 14, 6, 10, 2
8_17_00 1, 9, 13, 5, 2, 10, 14, 6
3_9_14 10, 2, 6
7_4_02 2, 10, 14, 6, 7, 15, 3
8_22_22 13, 5, 9, 1, 14, 6, 10, 2
5_26_08 7, 15, 3, 11, 4
1_30_14 7
5_28_12 9, 1, 5, 13, 14
1_18_06 16
5_5_18 11, 3, 7, 15, 12
1_20_04 7
3_1_18 10, 2, 6
1_3_02 10
5_12_04 5, 13, 1, 9, 10
6_30_02 5, 13, 1, 9, 14, 6
4_20_06 4, 12, 16, 8
8_8_06 5, 13, 1, 9, 6, 14, 2, 10
5_12_10 8, 16, 4, 12, 13
6_31_08 8, 16, 4, 12, 5, 13
8_14_20 14, 6, 10, 2, 11, 3, 7, 15
3_21_12 8, 16, 4
4_3_00 1, 9, 13, 5
4_19_12 7, 15, 3, 11
6_15_02 5, 13, 1, 9, 2, 10
8_26_08 7, 15, 3, 11, 8, 16, 4, 12
1_14_04 2
3_8_08 2, 10, 6
2_5_10 7, 15
8_25_22 14, 6, 10, 2, 15, 7, 11, 3
7_25_14 10, 2, 6, 14, 11, 3, 7
6_21_14 9, 1, 5, 13, 10, 2
2_29_08 8, 16
4_29_12 10, 2, 6, 14
5_11_14 10, 2, 6, 14, 3
1_28_18 16
1_31_22 7
3_18_12 3, 11, 15
1_27_20 5
8_8_12 8, 16, 4, 12, 9, 1, 5, 13
8_9_12 9, 1, 5, 13, 10, 2, 6, 14
4_12_16 11, 3, 7, 15
4_17_20 11, 3, 7, 15
6_6_14 9, 1, 5, 13, 6, 14
6_22_16 10, 2, 6, 14, 7, 15
1_6_20 8
5_15_10 9, 1, 5, 13, 14
3_15_10 9, 1, 13
2_12_00 15, 7
3_13_04 6, 14, 2
6_19_00 1, 9, 13, 5, 2, 10
1_5_14 9
1_30_04 2
5_20_18 10, 2, 6, 14, 15
6_16_14 11, 3, 7, 15, 4, 12
7_3_06 4, 12, 16, 8, 13, 5, 9
3_18_16 5, 13, 1
6_13_00 4, 12, 16, 8, 1, 9
4_18_18 10, 2, 6, 14
3_13_10 9, 1, 5
7_8_16 10, 2, 6, 14, 15, 7, 11
1_4_04 7
1_15_06 15
7_31_08 8, 16, 4, 12, 13, 5, 9
7_3_14 8, 16, 4, 12, 1, 9, 13
5_21_10 7, 15, 3, 11, 8
3_4_12 3, 11, 7
4_16_18 13, 5, 9, 1
8_12_02 4, 12, 16, 8, 5, 13, 1, 9
6_2_22 12, 4, 8, 16, 9, 1
1_15_02 13
7_2_20 11, 3, 7, 15, 8, 16, 4
4_12_10 8, 16, 4, 12
5_28_14 10, 2, 6, 14, 15
6_4_22 12, 4, 8, 16, 9, 1
6_6_20 12, 4, 8, 16, 9, 1
8_19_02 2, 10, 14, 6, 3, 11, 15, 7
7_31_16 12, 4, 8, 16, 1, 9, 13
7_25_12 9, 1, 5, 13, 10, 2, 6
5_27_08 7, 15, 3, 11, 16
4_12_12 9, 1, 5, 13
2_8_20 8, 16
7_3_16 9, 1, 5, 13, 2, 10, 14
8_14_10 9, 1, 5, 13, 6, 14, 2, 10
4_1_16 9, 1, 5, 13
7_1_06 4, 12, 16, 8, 5, 13, 1
8_19_18 10, 2, 6, 14, 11, 3, 7, 15
1_10_10 4
7_19_18 10, 2, 6, 14, 3, 11, 15
6_25_20 13, 5, 9, 1, 14, 6
4_17_00 1, 9, 13, 5
8_7_14 9, 1, 5, 13, 10, 2, 6, 14
8_28_14 10, 2, 6, 14, 11, 3, 7, 15
2_25_22 14, 6
8_15_20 14, 6, 10, 2, 11, 3, 7, 15
7_12_02 4, 12, 16, 8, 9, 1, 5
6_7_10 7, 15, 3, 11, 8, 16
2_6_16 6, 14
4_28_08 7, 15, 3, 11
2_23_12 8, 16
4_30_20 14, 6, 10, 2
8_16_02 5, 13, 1, 9, 2, 10, 14, 6
3_23_04 4, 12, 8
1_5_08 6
7_27_04 5, 13, 1, 9, 14, 6, 10
3_22_18 7, 15, 3
7_20_14 8, 16, 4, 12, 13, 5, 9
7_12_06 6, 14, 2, 10, 11, 3, 7
5_6_08 6, 14, 2, 10, 3
7_28_22 14, 6, 10, 2, 3, 11, 15
6_23_22 13, 5, 9, 1, 14, 6
2_15_12 10, 2
6_22_22 13, 5, 9, 1, 10, 2
7_9_02 4, 12, 16, 8, 5, 13, 1
4_23_22 13, 5, 9, 1
7_11_04 5, 13, 1, 9, 14, 6, 10
8_8_18 11, 3, 7, 15, 12, 4, 8, 16
6_16_02 5, 13, 1, 9, 14, 6
7_23_22 13, 5, 9, 1, 6, 14, 2
7_28_20 13, 5, 9, 1, 2, 10, 14
1_31_04 14
1_29_14 11
3_12_22 10, 2, 14
4_1_18 10, 2, 6, 14
1_27_08 15
8_27_10 8, 16, 4, 12, 9, 1, 5, 13
4_2_22 12, 4, 8, 16
2_31_02 5, 13
4_17_18 10, 2, 6, 14
8_28_10 8, 16, 4, 12, 9, 1, 5, 13
1_18_02 14
8_11_08 7, 15, 3, 11, 8, 16, 4, 12
2_9_20 13, 5
1_18_20 7
5_16_06 7, 15, 3, 11, 8
6_21_10 7, 15, 3, 11, 8, 16
1_28_10 12
8_7_04 4, 12, 16, 8, 5, 13, 1, 9
2_27_20 13, 5
5_22_12 8, 16, 4, 12, 5
1_5_18 11
2_19_08 5, 13
1_7_06 13
3_11_14 10, 2, 14
2_31_12 10, 2
3_22_22 9, 1, 5
7_21_18 11, 3, 7, 15, 12, 4, 8
6_3_12 7, 15, 3, 11, 8, 16
7_23_14 9, 1, 5, 13, 2, 10, 14
2_26_18 8, 16
8_14_06 7, 15, 3, 11, 4, 12, 16, 8
3_20_00 13, 5, 1
4_23_18 11, 3, 7, 15
2_9_00 3, 11
2_7_14 9, 1
2_20_04 15, 7
3_3_14 8, 16, 12
3_15_14 11, 3, 15
7_25_22 14, 6, 10, 2, 15, 7, 11
7_23_20 12, 4, 8, 16, 5, 13, 1
5_5_20 12, 4, 8, 16, 13
6_2_06 4, 12, 16, 8, 1, 9
8_14_12 10, 2, 6, 14, 7, 15, 3, 11
8_4_22 12, 4, 8, 16, 13, 5, 9, 1
7_15_00 4, 12, 16, 8, 9, 1, 5
8_3_02 2, 10, 14, 6, 3, 11, 15, 7
7_17_22 12, 4, 8, 16, 13, 5, 9
3_22_04 16, 8, 12
8_5_10 7, 15, 3, 11, 8, 16, 4, 12
2_9_04 5, 13
1_1_10 6
2_27_14 10, 2
4_2_14 8, 16, 4, 12
5_13_00 4, 12, 16, 8, 1
6_19_14 8, 16, 4, 12, 9, 1
7_12_14 10, 2, 6, 14, 15, 7, 11
1_7_22 5
3_13_22 15, 7, 11
7_25_04 5, 13, 1, 9, 6, 14, 2
5_31_14 11, 3, 7, 15, 16
7_30_14 11, 3, 7, 15, 4, 12, 16
5_25_12 9, 1, 5, 13, 10
7_28_08 7, 15, 3, 11, 12, 4, 8
3_4_06 16, 8, 4
4_9_00 3, 11, 15, 7
3_21_02 3, 11, 15
3_16_04 2, 10, 6
8_8_00 2, 10, 14, 6, 3, 11, 15, 7
5_8_20 12, 4, 8, 16, 1
1_9_20 13
5_2_08 5, 13, 1, 9, 2
6_4_12 7, 15, 3, 11, 4, 12
8_2_10 6, 14, 2, 10, 7, 15, 3, 11
3_24_18 7, 15, 11
7_20_06 4, 12, 16, 8, 9, 1, 5
8_30_00 4, 12, 16, 8, 1, 9, 13, 5
4_23_10 7, 15, 3, 11
8_4_04 3, 11, 15, 7, 4, 12, 16, 8
7_29_02 5, 13, 1, 9, 2, 10, 14
7_23_12 8, 16, 4, 12, 1, 9, 13
4_25_20 13, 5, 9, 1
8_4_08 5, 13, 1, 9, 6, 14, 2, 10
3_6_22 9, 1, 5
2_11_16 11, 3
5_6_04 4, 12, 16, 8, 1
1_10_18 8
7_16_10 9, 1, 5, 13, 10, 2, 6
6_30_22 15, 7, 11, 3, 8, 16
6_11_00 3, 11, 15, 7, 4, 12
7_31_14 11, 3, 7, 15, 16, 8, 12
2_6_02 15, 7
3_20_20 7, 15, 11
5_26_16 11, 3, 7, 15, 8
6_30_18 13, 5, 9, 1, 6, 14
8_30_02 5, 13, 1, 9, 2, 10, 14, 6
6_18_16 9, 1, 5, 13, 6, 14
8_13_18 13, 5, 9, 1, 10, 2, 6, 14
3_9_02 4, 12, 16
3_27_10 8, 16, 12
3_5_12 8, 16, 4
6_17_02 2, 10, 14, 6, 3, 11
6_25_00 3, 11, 15, 7, 4, 12
2_13_18 13, 5
7_5_16 10, 2, 6, 14, 11, 3, 7
4_22_12 8, 16, 4, 12
4_5_18 11, 3, 7, 15
7_20_22 12, 4, 8, 16, 1, 9, 13
4_30_10 9, 1, 5, 13
2_11_14 10, 2
1_13_06 7
2_26_00 15, 7
3_31_22 15, 7, 3
8_7_18 11, 3, 7, 15, 12, 4, 8, 16
2_1_00 1, 9
4_16_16 12, 4, 8, 16
8_31_14 11, 3, 7, 15, 8, 16, 4, 12
5_22_16 10, 2, 6, 14, 7
6_16_06 7, 15, 3, 11, 16, 8
7_15_20 14, 6, 10, 2, 3, 11, 15
8_1_20 11, 3, 7, 15, 12, 4, 8, 16
2_22_10 3, 11
1_15_12 2
7_23_00 2, 10, 14, 6, 11, 3, 7
5_1_12 7, 15, 3, 11, 8
2_18_08 1, 9
6_2_04 3, 11, 15, 7, 16, 8
8_14_18 13, 5, 9, 1, 10, 2, 6, 14
6_7_00 2, 10, 14, 6, 3, 11
1_19_16 1
2_21_22 13, 5
4_26_20 13, 5, 9, 1
7_24_06 5, 13, 1, 9, 10, 2, 6
5_13_20 14, 6, 10, 2, 11
1_20_16 13
7_14_10 9, 1, 5, 13, 2, 10, 14
6_10_00 3, 11, 15, 7, 16, 8
3_26_10 4, 12, 16
5_13_22 15, 7, 11, 3, 12
4_25_14 10, 2, 6, 14
8_17_06 4, 12, 16, 8, 5, 13, 1, 9
4_16_20 14, 6, 10, 2
2_17_04 3, 11
7_19_00 1, 9, 13, 5, 10, 2, 6
2_16_20 10, 2
5_24_10 7, 15, 3, 11, 12
4_30_18 13, 5, 9, 1
3_13_02 5, 13, 1
8_8_16 10, 2, 6, 14, 11, 3, 7, 15
5_25_00 3, 11, 15, 7, 4
2_2_16 5, 13
1_2_12 3
7_21_16 10, 2, 6, 14, 11, 3, 7
2_26_14 6, 14
7_1_22 12, 4, 8, 16, 13, 5, 9
5_7_14 9, 1, 5, 13, 2
4_6_16 10, 2, 6, 14
3_24_08 2, 10, 6
2_18_22 8, 16
1_22_20 8
5_18_02 2, 10, 14, 6, 15
8_22_08 6, 14, 2, 10, 7, 15, 3, 11
2_23_20 12, 4
4_15_20 14, 6, 10, 2
2_17_08 5, 13
8_29_22 15, 7, 11, 3, 12, 4, 8, 16
5_9_04 5, 13, 1, 9, 6
8_15_14 11, 3, 7, 15, 8, 16, 4, 12
5_23_00 2, 10, 14, 6, 11
7_20_12 7, 15, 3, 11, 12, 4, 8
6_28_20 13, 5, 9, 1, 10, 2
4_13_10 9, 1, 5, 13
8_12_14 10, 2, 6, 14, 11, 3, 7, 15
3_27_02 4, 12, 8
6_2_16 9, 1, 5, 13, 6, 14
3_24_12 4, 12, 8
3_23_20 12, 4, 16
8_24_02 3, 11, 15, 7, 4, 12, 16, 8
8_23_18 11, 3, 7, 15, 12, 4, 8, 16
2_5_00 2, 10
7_8_12 8, 16, 4, 12, 13, 5, 9
4_25_10 8, 16, 4, 12
4_27_02 4, 12, 16, 8
5_6_16 10, 2, 6, 14, 7
1_5_10 7
3_10_06 2, 10, 14
8_25_08 7, 15, 3, 11, 8, 16, 4, 12
5_12_18 12, 4, 8, 16, 1
8_22_20 12, 4, 8, 16, 13, 5, 9, 1
3_14_12 6, 14, 2
3_21_10 7, 15, 3
2_1_10 6, 14
4_9_22 14, 6, 10, 2
6_12_04 5, 13, 1, 9, 2, 10
1_16_08 12
2_21_08 6, 14
4_24_16 10, 2, 6, 14
2_3_18 10, 2
1_2_22 8
6_13_08 8, 16, 4, 12, 5, 13
5_25_04 5, 13, 1, 9, 6
6_23_10 7, 15, 3, 11, 8, 16
1_4_20 15
8_2_06 4, 12, 16, 8, 5, 13, 1, 9
4_26_12 9, 1, 5, 13
5_30_16 12, 4, 8, 16, 5
6_11_12 9, 1, 5, 13, 10, 2
6_14_14 11, 3, 7, 15, 4, 12
7_1_16 9, 1, 5, 13, 10, 2, 6
1_1_04 3
5_26_04 5, 13, 1, 9, 2
4_11_12 9, 1, 5, 13
3_31_12 10, 2, 14
7_17_04 3, 11, 15, 7, 4, 12, 16
5_14_04 6, 14, 2, 10, 15
2_31_18 13, 5
5_11_12 9, 1, 5, 13, 2
1_10_12 5
1_17_16 9
2_26_08 3, 11
3_22_02 15, 7, 11
4_15_12 10, 2, 6, 14
6_5_16 10, 2, 6, 14, 11, 3
6_1_18 10, 2, 6, 14, 11, 3
5_27_14 10, 2, 6, 14, 3
3_7_16 10, 2, 14
7_10_04 5, 13, 1, 9, 2, 10, 14
5_9_20 13, 5, 9, 1, 14
3_10_22 10, 2, 6
7_2_22 12, 4, 8, 16, 9, 1, 5
2_18_10 2, 10
3_19_06 4, 12, 8
4_3_16 9, 1, 5, 13
3_27_08 7, 15, 11
6_19_22 12, 4, 8, 16, 13, 5
3_30_12 6, 14, 2
4_12_06 6, 14, 2, 10
7_10_10 8, 16, 4, 12, 5, 13, 1
2_19_22 12, 4
3_30_20 10, 2, 6
6_4_06 4, 12, 16, 8, 1, 9
8_17_16 9, 1, 5, 13, 10, 2, 6, 14
5_10_20 13, 5, 9, 1, 10
3_16_22 11, 3, 15
3_4_00 13, 5, 1
8_2_16 9, 1, 5, 13, 10, 2, 6, 14
8_30_12 10, 2, 6, 14, 7, 15, 3, 11
4_29_06 7, 15, 3, 11
5_27_18 12, 4, 8, 16, 5
3_7_06 5, 13, 9
6_12_14 10, 2, 6, 14, 7, 15
5_28_04 5, 13, 1, 9, 10
2_2_02 14, 6
1_29_16 12
5_14_22 15, 7, 11, 3, 8
1_6_14 5
3_28_14 6, 14, 10
8_29_04 6, 14, 2, 10, 3, 11, 15, 7
1_26_08 3
3_5_18 11, 3, 7
4_2_06 4, 12, 16, 8
2_4_10 2, 10
7_8_00 2, 10, 14, 6, 7, 15, 3
3_5_06 5, 13, 1
2_7_06 5, 13
2_15_20 14, 6
8_1_22 12, 4, 8, 16, 13, 5, 9, 1
6_7_14 9, 1, 5, 13, 10, 2
4_9_12 9, 1, 5, 13
7_5_18 11, 3, 7, 15, 12, 4, 8
1_22_10 3
2_11_18 12, 4
8_3_08 5, 13, 1, 9, 6, 14, 2, 10
1_24_12 12
5_7_08 6, 14, 2, 10, 15
5_4_18 10, 2, 6, 14, 15
4_9_10 8, 16, 4, 12
4_31_20 14, 6, 10, 2
1_19_18 2
5_13_14 11, 3, 7, 15, 8
4_2_18 10, 2, 6, 14
2_28_20 9, 1
5_12_16 11, 3, 7, 15, 16
1_1_22 12
6_22_00 2, 10, 14, 6, 15, 7
3_14_02 1, 9, 13
1_25_16 11
6_24_16 10, 2, 6, 14, 7, 15
5_12_12 9, 1, 5, 13, 14
4_3_04 3, 11, 15, 7
6_20_18 10, 2, 6, 14, 7, 15
4_18_04 3, 11, 15, 7
7_26_22 14, 6, 10, 2, 11, 3, 7
6_10_02 4, 12, 16, 8, 1, 9
8_21_00 2, 10, 14, 6, 3, 11, 15, 7
4_11_22 14, 6, 10, 2
3_2_10 2, 10, 14
2_21_16 10, 2
4_7_16 10, 2, 6, 14
4_10_10 8, 16, 4, 12
3_3_00 1, 9, 5
5_18_00 1, 9, 13, 5, 14
2_25_08 7, 15
7_1_20 11, 3, 7, 15, 12, 4, 8
3_8_14 5, 13, 9
5_14_00 4, 12, 16, 8, 13
6_18_04 3, 11, 15, 7, 16, 8
7_17_14 8, 16, 4, 12, 9, 1, 5
2_2_10 2, 10
5_23_10 7, 15, 3, 11, 16
6_8_04 4, 12, 16, 8, 1, 9
4_28_20 13, 5, 9, 1
6_23_04 4, 12, 16, 8, 5, 13
3_14_10 5, 13, 1
4_18_02 2, 10, 14, 6
8_3_10 6, 14, 2, 10, 7, 15, 3, 11
7_17_02 2, 10, 14, 6, 3, 11, 15
2_19_06 4, 12
8_28_18 12, 4, 8, 16, 13, 5, 9, 1
5_13_12 10, 2, 6, 14, 7
4_28_16 11, 3, 7, 15
3_21_22 13, 5, 9
4_4_06 4, 12, 16, 8
5_22_02 3, 11, 15, 7, 16
2_24_08 2, 10
7_1_02 2, 10, 14, 6, 3, 11, 15
1_16_16 16
8_7_12 8, 16, 4, 12, 9, 1, 5, 13
4_11_00 3, 11, 15, 7
2_8_02 15, 7
5_29_22 15, 7, 11, 3, 12
5_22_08 6, 14, 2, 10, 3
2_10_12 5, 13
7_21_02 3, 11, 15, 7, 4, 12, 16
3_18_18 6, 14, 2
5_18_04 3, 11, 15, 7, 16
7_8_06 5, 13, 1, 9, 10, 2, 6
3_15_04 6, 14, 10
3_23_06 5, 13, 9
5_21_12 8, 16, 4, 12, 9
8_5_08 6, 14, 2, 10, 7, 15, 3, 11
2_17_02 2, 10
2_2_08 1, 9
8_18_16 9, 1, 5, 13, 10, 2, 6, 14
2_18_16 5, 13
3_26_14 6, 14, 2
2_20_12 3, 11
4_14_22 15, 7, 11, 3
2_1_08 5, 13
5_10_16 11, 3, 7, 15, 8
8_6_16 10, 2, 6, 14, 11, 3, 7, 15
3_15_22 15, 7, 3
2_29_14 11, 3
5_13_10 9, 1, 5, 13, 6
6_18_08 5, 13, 1, 9, 2, 10
4_14_00 4,12, 16, 8
8_26_22 14, 6, 10, 2, 15, 7, 11, 3
6_7_20 12, 4, 8, 16, 13, 5
6_3_10 6, 14, 2, 10, 7, 15
8_23_02 3, 11, 15, 7, 4, 12, 16, 8
7_22_16 10, 2, 6, 14, 7, 15, 3
2_30_20 10, 2
5_4_06 4, 12, 16, 8, 9
1_12_00 7
1_12_18 16
2_11_02 4, 12
3_9_22 14, 6, 10
4_24_04 4, 12, 16, 8
5_25_16 11, 3, 7, 15, 12
3_1_12 7, 15, 3
3_5_02 3, 11, 15
3_14_04 2, 10, 14
7_6_04 4, 12, 16, 8, 1, 9, 13
1_21_02 3
3_30_14 7, 15, 3
6_5_20 12, 4, 8, 16, 13, 5
6_9_18 12, 4, 8, 16, 13, 5
1_2_06 16
6_11_02 4, 12, 16, 8, 5, 13
6_26_10 8, 16, 4, 12, 5, 13
4_18_22 12, 4, 8, 16
2_18_14 4, 12
3_6_18 7, 15, 3
1_19_02 10
1_29_04 6
4_16_12 10, 2, 6, 14
1_27_02 12
1_25_02 4
6_19_08 5, 13, 1, 9, 6, 14
3_26_06 2, 10, 14
1_21_18 11
4_28_04 5, 13, 1, 9
6_13_10 9, 1, 5, 13, 6, 14
4_27_20 13, 5, 9, 1
8_23_16 10, 2, 6, 14, 11, 3, 7, 15
8_3_14 8, 16, 4, 12, 9, 1, 5, 13
1_21_16 10
6_6_10 7, 15, 3, 11, 4, 12
1_31_20 6
7_11_08 7, 15, 3, 11, 16, 8, 12
8_6_14 9, 1, 5, 13, 10, 2, 6, 14
5_2_00 1, 9, 13, 5, 14
6_6_06 5, 13, 1, 9, 2, 10
4_14_14 11, 3, 7, 15
5_5_16 10, 2, 6, 14, 11
1_5_04 4
6_22_14 9, 1, 5, 13, 6, 14
1_20_12 11
5_13_08 8, 16, 4, 12, 5
1_1_08 5
7_14_06 7, 15, 3, 11, 16, 8, 12
5_27_02 4, 12, 16, 8, 13
2_17_18 10, 2
7_30_08 8, 16, 4, 12, 1, 9, 13
3_30_10 5, 13, 1
1_1_14 8
5_25_14 10, 2, 6, 14, 11
4_9_16 11, 3, 7, 15
2_25_04 5, 13
2_20_16 5, 13
3_25_02 4, 12, 16
4_8_08 6, 14, 2, 10
3_17_16 9, 1, 5
4_31_14 11, 3, 7, 15
2_24_18 7, 15
6_12_02 4, 12, 16, 8, 1, 9
2_8_12 4, 12
7_19_16 9, 1, 5, 13, 2, 10, 14
1_6_06 1
5_21_04 4, 12, 16, 8, 5
8_29_16 12, 4, 8, 16, 9, 1, 5, 13
8_24_14 9, 1, 5, 13, 10, 2, 6, 14
6_26_14 10, 2, 6, 14, 7, 15
1_2_16 5
3_17_12 7, 15, 3
8_14_14 11, 3, 7, 15, 8, 16, 4, 12
7_5_00 2, 10, 14, 6, 3, 11, 15
3_26_02 16, 8, 12
1_25_22 14
1_11_22 6
7_17_12 7, 15, 3, 11, 8, 16, 4
5_25_06 6, 14, 2, 10, 7
3_28_10 4, 12, 8
6_14_10 9, 1, 5, 13, 2, 10
2_3_06 4, 12
2_12_10 4, 12
7_27_06 6, 14, 2, 10, 15, 7, 11
2_6_22 9, 1
7_31_20 14, 6, 10, 2, 3, 11, 15
7_23_04 4, 12, 16, 8, 13, 5, 9
2_25_10 8, 16
3_31_16 12, 4, 16
5_17_16 9, 1, 5, 13, 10
6_8_08 6, 14, 2, 10, 3, 11
6_22_10 7, 15, 3, 11, 4, 12
1_23_18 3
5_14_06 7, 15, 3, 11, 16
2_13_12 10, 2
8_11_10 8, 16, 4, 12, 9, 1, 5, 13
2_29_00 4,12
5_15_16 12, 4, 8, 16, 1
4_4_00 1, 9, 13, 5
2_14_00 16, 8
4_2_20 11, 3, 7, 15
4_6_14 9, 1, 5, 13
3_12_14 6, 14, 10
8_26_12 9, 1, 5, 13, 10, 2, 6, 14
5_22_22 13, 5, 9, 1, 10
6_10_14 10, 2, 6, 14, 7, 15
4_13_06 7, 15, 3, 11
7_4_16 9, 1, 5, 13, 14, 6, 10
5_4_02 2, 10, 14, 6, 7
6_24_00 2, 10, 14, 6, 15, 7
8_21_12 8, 16, 4, 12, 9, 1, 5, 13
8_5_02 3, 11, 15, 7, 4, 12, 16, 8
1_1_06 4
5_12_22 14, 6, 10, 2, 3
6_19_04 3, 11, 15, 7, 4, 12
5_13_16 12, 4, 8, 16, 9
8_26_10 8, 16, 4, 12, 9, 1, 5, 13
1_12_16 15
8_9_20 13, 5, 9, 1, 14, 6, 10, 2
2_2_22 8, 16
1_9_08 7
5_18_18 10, 2, 6, 14, 7
8_15_18 13, 5, 9, 1, 10, 2, 6, 14
4_15_00 4,12, 16, 8
1_14_22 11
5_6_18 11, 3, 7, 15, 8
6_25_18 12, 4, 8, 16, 13, 5
8_1_08 5, 13, 1, 9, 6, 14, 2, 10
4_30_16 12, 4, 8, 16
8_13_20 14, 6, 10, 2, 11, 3, 7, 15
4_24_02 3, 11, 15, 7
7_2_14 8, 16, 4, 12, 5, 13, 1
3_18_06 16, 8, 12
8_10_16 11, 3, 7, 15, 12, 4, 8, 16
2_10_16 7, 15
4_7_06 5, 13, 1, 9
8_25_06 6, 14, 2, 10, 7, 15, 3, 11
4_25_00 3, 11, 15, 7
1_9_16 11
5_31_16 12, 4, 8, 16, 1
7_29_22 15, 7, 11, 3, 12, 4, 8
4_7_02 3, 11, 15, 7
2_19_10 6, 14
1_6_16 6
2_10_02 16, 8
1_9_12 9
7_4_04 3, 11, 15, 7, 8, 16, 4
8_5_18 11, 3, 7, 15, 12, 4, 8, 16
8_24_22 13, 5, 9, 1, 14, 6, 10, 2
8_14_04 6, 14, 2, 10, 3, 11, 15, 7
1_13_02 5
6_27_14 10, 2, 6, 14, 11, 3
6_13_14 11, 3, 7, 15, 8, 16
7_28_14 10, 2, 6, 14, 15, 7, 11
8_29_06 7, 15, 3, 11, 4, 12, 16, 8
1_29_08 8
4_4_16 9, 1, 5, 13
6_2_00 1, 9, 13, 5, 14, 6
1_3_00 9
6_9_16 11, 3, 7, 15, 12, 4
8_10_10 8, 16, 4, 12, 9, 1, 5, 13
8_31_20 14, 6, 10, 2, 11, 3, 7, 15
8_17_18 10, 2, 6, 14, 11, 3, 7, 15
5_17_08 5, 13, 1, 9, 6
7_18_08 5, 13, 1, 9, 2, 10, 14
5_5_10 7, 15, 3, 11, 8
2_8_10 3, 11
3_29_02 5, 13, 1
7_13_10 9, 1, 5, 13, 6, 14, 2
2_22_04 16, 8
8_1_18 10, 2, 6, 14, 11, 3, 7, 15
1_26_20 9
3_29_22 15, 7, 11
2_17_12 7, 15
8_28_20 13, 5, 9, 1, 14, 6, 10, 2
2_30_14 7, 15
4_23_04 4, 12, 16, 8
1_13_14 11
7_12_12 9, 1, 5, 13, 14, 6, 10
2_2_18 6, 14
7_27_00 3, 11, 15, 7, 12, 4, 8
1_30_08 4
1_15_14 3
7_24_16 10, 2, 6, 14, 15, 7, 11
6_22_08 6, 14, 2, 10, 3, 11
3_20_06 16, 8, 4
1_10_22 10
4_1_20 11, 3, 7, 15
7_25_18 12, 4, 8, 16, 13, 5, 9
8_18_10 6, 14, 2, 10, 7, 15, 3, 11
7_31_22 15, 7, 11, 3, 4, 12, 16
2_25_06 6, 14
1_9_22 14
7_14_04 6, 14, 2, 10, 15, 7, 11
5_9_00 3, 11, 15, 7, 4
2_11_00 3, 11
4_23_12 8, 16, 4, 12
4_16_00 4,12, 16, 8
3_25_04 5, 13, 1
2_12_18 8, 16
5_30_00 4, 12, 16, 8, 13
8_21_18 11, 3, 7, 15, 12, 4, 8, 16
5_4_08 5, 13, 1, 9, 10
8_21_10 7, 15, 3, 11, 8, 16, 4, 12
5_23_20 12, 4, 8, 16, 5
6_21_04 4, 12, 16, 8, 5, 13
6_14_02 5, 13, 1, 9, 14, 6
7_5_08 6, 14, 2, 10, 7, 15, 3
7_5_12 8, 16, 4, 12, 9, 1, 5
8_10_06 6, 14, 2, 10, 7, 15, 3, 11
5_28_02 4, 12, 16, 8, 9
1_23_00 10
4_14_04 6, 14, 2, 10
4_12_18 12, 4, 8, 16
3_10_04 1, 9, 13
3_1_02 2, 10, 14
2_25_16 11, 3
2_3_04 3, 11
8_31_02 5, 13, 1, 9, 2, 10, 14, 6
6_3_06 4, 12, 16, 8, 5, 13
1_3_08 13
4_12_20 13, 5, 9, 1
2_12_06 2, 10
8_25_04 5, 13, 1, 9, 6, 14, 2, 10
5_4_14 8, 16, 4, 12, 13
5_18_20 11, 3, 7, 15, 8
6_4_04 3, 11, 15, 7, 16, 8
1_11_16 3
7_8_10 7, 15, 3, 11, 12, 4, 8
3_2_08 1, 9, 13
8_2_12 7, 15, 3, 11, 8, 16, 4, 12
3_21_14 9, 1, 5
6_24_08 6, 14, 2, 10, 3, 11
3_22_08 2, 10, 14
6_1_12 7, 15, 3, 11, 8, 16
4_19_18 10, 2, 6, 14
4_19_04 3, 11, 15, 7
1_21_14 9
1_7_20 4
8_2_18 10, 2, 6, 14, 11, 3, 7, 15
5_8_16 10, 2, 6, 14, 15
6_8_02 3, 11, 15, 7, 16, 8
4_29_14 11, 3, 7, 15
4_31_02 5, 13, 1, 9
6_27_12 9, 1, 5, 13, 10, 2
1_25_18 12
8_28_00 3, 11, 15, 7, 4, 12, 16, 8
6_10_06 6, 14, 2, 10, 3, 11
7_30_04 6, 14, 2, 10, 15, 7, 11
7_26_18 12, 4, 8, 16, 9, 1, 5
8_30_14 11, 3, 7, 15, 8, 16, 4, 12
7_14_00 4, 12, 16, 8, 13, 5, 9
3_31_20 14, 6, 2
6_17_18 10, 2, 6, 14, 11, 3
4_11_10 8, 16, 4, 12
8_11_14 10, 2, 6, 14, 11, 3, 7, 15
4_17_16 9, 1, 5, 13
2_28_12 5, 13
5_28_16 11, 3, 7, 15, 16
1_31_06 15
5_17_06 4, 12, 16, 8, 5
5_31_22 15, 7, 11, 3, 4
5_26_18 12, 4, 8, 16, 9
7_11_00 3, 11, 15, 7, 12, 4, 8
4_7_14 9, 1, 5, 13
6_26_20 13, 5, 9, 1, 10, 2
5_5_02 3, 11, 15, 7, 4
7_27_10 8, 16, 4, 12, 1, 9, 13
6_11_14 10, 2, 6, 14, 11, 3
5_7_22 13, 5, 9, 1, 6
4_17_10 6, 14, 2, 10
7_3_08 5, 13, 1, 9, 14, 6, 10
5_24_12 8, 16, 4, 12, 13
6_24_14 9, 1, 5, 13, 6, 14
2_28_16 7, 15
2_24_14 5, 13
5_11_06 6, 14, 2, 10, 15
5_17_04 3, 11, 15, 7, 4
5_29_00 4, 12, 16, 8, 1
5_6_22 13, 5, 9, 1, 10
4_2_12 7, 15, 3, 11
5_2_16 9, 1, 5, 13, 6
4_31_06 7, 15, 3, 11
2_25_20 13, 5
6_17_08 5, 13, 1, 9, 6, 14
7_9_16 11, 3, 7, 15, 12, 4, 8
4_15_02 5, 13, 1, 9
5_30_22 15, 7, 11, 3, 8
1_26_10 4
4_20_02 2, 10, 14, 6
