5_30_08 8, 16, 4, 12, 1
6_7_06 5, 13, 1, 9, 6, 14
5_24_02 3, 11, 15, 7, 8
7_23_08 6, 14, 2, 10, 15, 7, 11
8_4_08 5, 13, 1, 9, 6, 14, 2, 10
2_17_20 11, 3
2_2_16 5, 13
2_6_04 16, 8
5_31_08 8, 16, 4, 12, 13
1_28_00 7
4_29_14 11, 3, 7, 15
1_28_12 13
8_3_10 6, 14, 2, 10, 7, 15, 3, 11
8_10_04 5, 13, 1, 9, 6, 14, 2, 10
5_3_00 1, 9, 13, 5, 10
6_9_18 12, 4, 8, 16, 13, 5
2_29_04 6, 14
5_26_00 3, 11, 15, 7, 16
4_25_10 8, 16, 4, 12
6_21_10 7, 15, 3, 11, 8, 16
2_10_22 10, 2
6_10_12 9, 1, 5, 13, 6, 14
5_1_08 5, 13, 1, 9, 6
3_20_22 8, 16, 12
5_22_08 6, 14, 2, 10, 3
5_13_20 14, 6, 10, 2, 11
5_13_08 8, 16, 4, 12, 5
4_9_16 11, 3, 7, 15
1_17_14 8
3_31_14 11, 3, 15
8_24_00 2, 10, 14, 6, 3, 11, 15, 7
2_3_12 7, 15
7_20_10 6, 14, 2, 10, 11, 3, 7
6_18_06 4, 12, 16, 8, 1, 9
2_2_00 13, 5
8_24_10 7, 15, 3, 11, 8, 16, 4, 12
6_29_04 6, 14, 2, 10, 3, 11
7_17_10 6, 14, 2, 10, 7, 15, 3
5_15_22 15, 7, 11, 3, 4
5_31_16 12, 4, 8, 16, 1
3_3_06 4, 12, 8
4_22_02 3, 11, 15, 7
2_26_10 4, 12
6_13_12 10, 2, 6, 14, 7, 15
2_26_20 9, 1
2_11_06 6, 14
7_26_18 12, 4, 8, 16, 9, 1, 5
2_29_02 5, 13
7_30_04 6, 14, 2, 10, 15, 7, 11
3_13_04 6, 14, 2
1_25_04 5
6_2_20 11, 3, 7, 15, 8, 16
3_15_04 6, 14, 10
4_11_14 10, 2, 6, 14
6_29_20 14, 6, 10, 2, 11, 3
1_13_14 11
1_5_00 2
5_6_20 12, 4, 8, 16, 9
6_18_08 5, 13, 1, 9, 2, 10
5_3_02 2, 10, 14, 6, 11
1_11_04 13
1_15_02 13
6_27_02 4, 12, 16, 8, 5, 13
2_13_22 15, 7
5_30_14 11, 3, 7, 15, 4
5_23_04 4, 12, 16, 8, 13
3_26_16 7, 15, 3
1_31_20 6
6_3_14 8, 16, 4, 12, 9, 1
3_14_12 6, 14, 2
3_30_10 5, 13, 1
1_3_04 11
5_6_18 11, 3, 7, 15, 8
4_15_22 15, 7, 11, 3
1_3_12 15
2_12_16 7, 15
2_14_04 2, 10
1_26_16 7
5_6_02 3, 11, 15, 7, 16
4_22_10 7, 15, 3, 11
1_8_06 9
6_31_22 15, 7, 11, 3, 12, 4
2_3_00 1, 9
2_3_22 12, 4
3_2_08 1, 9, 13
7_9_22 14, 6, 10, 2, 15, 7, 11
8_13_00 4, 12, 16, 8, 1, 9, 13, 5
8_27_04 5, 13, 1, 9, 6, 14, 2, 10
1_3_08 13
5_11_12 9, 1, 5, 13, 2
8_1_10 6, 14, 2, 10, 7, 15, 3, 11
6_21_00 2, 10, 14, 6, 3, 11
7_10_06 6, 14, 2, 10, 3, 11, 15
5_31_20 14, 6, 10, 2, 3
5_19_18 10, 2, 6, 14, 3
4_27_22 14, 6, 10, 2
2_23_12 8, 16
6_2_00 1, 9, 13, 5, 14, 6
1_30_02 1
3_31_18 13, 5, 1
5_30_12 10, 2, 6, 14, 3
3_28_06 2, 10, 6
4_11_04 5, 13, 1, 9
4_14_16 12, 4, 8, 16
1_21_08 6
3_22_08 2, 10, 14
2_16_02 1, 9
5_11_20 13, 5, 9, 1, 6
4_27_16 11, 3, 7, 15
5_22_10 7, 15, 3, 11, 4
8_19_20 11, 3, 7, 15, 12, 4, 8, 16
3_31_04 6, 14, 10
2_4_18 6, 14
3_28_14 6, 14, 10
2_19_00 1, 9
4_6_10 7, 15, 3, 11
3_4_22 8, 16, 12
7_18_02 2, 10, 14, 6, 15, 7, 11
2_12_04 1, 9
5_16_22 15, 7, 11, 3, 16
5_27_16 11, 3, 7, 15, 4
4_31_04 6, 14, 2, 10
7_28_16 11, 3, 7, 15, 16, 8, 12
1_10_12 5
8_22_10 7, 15, 3, 11, 8, 16, 4, 12
3_30_16 8, 16, 4
1_20_04 7
8_22_22 13, 5, 9, 1, 14, 6, 10, 2
4_9_12 9, 1, 5, 13
4_26_22 14, 6, 10, 2
6_22_02 3, 11, 15, 7, 16, 8
7_29_18 13, 5, 9, 1, 10, 2, 6
3_2_00 13, 5, 9
2_30_22 11, 3
6_18_10 6, 14, 2, 10, 3, 11
7_8_08 6, 14, 2, 10, 11, 3, 7
2_21_04 4, 12
8_7_16 10, 2, 6, 14, 11, 3, 7, 15
4_26_02 4, 12, 16, 8
6_16_10 9, 1, 5, 13, 2, 10
8_5_06 5, 13, 1, 9, 6, 14, 2, 10
5_1_14 8, 16, 4, 12, 9
2_18_04 15, 7
1_29_20 14
5_18_18 10, 2, 6, 14, 7
7_13_10 9, 1, 5, 13, 6, 14, 2
6_10_20 13, 5, 9, 1, 10, 2
3_6_04 16, 8, 12
8_3_16 9, 1, 5, 13, 10, 2, 6, 14
8_13_20 14, 6, 10, 2, 11, 3, 7, 15
8_8_10 7, 15, 3, 11, 8, 16, 4, 12
2_20_02 14, 6
1_8_14 13
2_3_20 11, 3
2_28_06 2, 10
6_10_08 7, 15, 3, 11, 4, 12
7_17_14 8, 16, 4, 12, 9, 1, 5
4_26_04 5, 13, 1, 9
5_17_00 1, 9, 13, 5, 2
7_20_16 9, 1, 5, 13, 14, 6, 10
3_7_14 9, 1, 13
7_23_06 5, 13, 1, 9, 14, 6, 10
2_11_22 14, 6
7_4_04 3, 11, 15, 7, 8, 16, 4
4_20_18 10, 2, 6, 14
4_17_22 12, 4, 8, 16
4_13_14 11, 3, 7, 15
3_13_22 15, 7, 11
2_19_16 9, 1
7_3_14 8, 16, 4, 12, 1, 9, 13
2_3_02 2, 10
8_30_18 13, 5, 9, 1, 10, 2, 6, 14
2_27_20 13, 5
2_28_08 3, 11
5_24_14 9, 1, 5, 13, 14
3_28_22 10, 2, 14
4_9_02 4, 12, 16, 8
5_9_04 5, 13, 1, 9, 6
8_7_14 9, 1, 5, 13, 10, 2, 6, 14
7_4_16 9, 1, 5, 13, 14, 6, 10
2_15_16 12, 4
1_27_02 12
8_21_04 4, 12, 16, 8, 5, 13, 1, 9
1_2_18 6
5_14_14 11, 3, 7, 15, 4
5_2_06 4, 12, 16, 8, 1
5_14_16 12, 4, 8, 16, 5
5_19_08 5, 13, 1, 9, 14
4_14_08 8, 16, 4, 12
2_30_16 8, 16
1_10_02 16
1_8_00 6
4_9_18 12, 4, 8, 16
5_10_00 3, 11, 15, 7, 16
1_17_02 2
6_11_22 14, 6, 10, 2, 15, 7
4_1_06 4, 12, 16, 8
1_7_06 13
7_30_08 8, 16, 4, 12, 1, 9, 13
6_12_02 4, 12, 16, 8, 1, 9
8_10_18 12, 4, 8, 16, 13, 5, 9, 1
5_6_00 2, 10, 14, 6, 15
8_27_22 14, 6, 10, 2, 15, 7, 11, 3
5_22_02 3, 11, 15, 7, 16
7_24_20 12, 4, 8, 16, 1, 9, 13
8_18_06 4, 12, 16, 8, 5, 13, 1, 9
2_20_12 3, 11
7_25_16 11, 3, 7, 15, 12, 4, 8
4_30_06 7, 15, 3, 11
7_9_06 6, 14, 2, 10, 7, 15, 3
2_19_10 6, 14
2_8_02 15, 7
4_4_02 2, 10, 14, 6
5_7_22 13, 5, 9, 1, 6
8_8_20 12, 4, 8, 16, 13, 5, 9, 1
8_2_16 9, 1, 5, 13, 10, 2, 6, 14
6_15_02 5, 13, 1, 9, 2, 10
4_6_16 10, 2, 6, 14
6_16_16 12, 4, 8, 16, 5, 13
7_12_04 5, 13, 1, 9, 10, 2, 6
2_28_16 7, 15
7_15_08 8, 16, 4, 12, 13, 5, 9
4_15_04 6, 14, 2, 10
8_24_06 5, 13, 1, 9, 6, 14, 2, 10
1_16_10 13
8_5_08 6, 14, 2, 10, 7, 15, 3, 11
8_3_00 1, 9, 13, 5, 2, 10, 14, 6
7_27_16 11, 3, 7, 15, 4, 12, 16
7_3_02 2, 10, 14, 6, 11, 3, 7
2_14_12 6, 14
1_12_04 9
6_6_04 4, 12, 16, 8, 1, 9
8_11_08 7, 15, 3, 11, 8, 16, 4, 12
2_26_04 1, 9
1_29_02 5
2_16_10 5, 13
5_19_20 11, 3, 7, 15, 4
7_14_06 7, 15, 3, 11, 16, 8, 12
5_18_06 4, 12, 16, 8, 1
6_17_00 1, 9, 13, 5, 2, 10
4_13_06 7, 15, 3, 11
8_23_14 9, 1, 5, 13, 10, 2, 6, 14
2_15_06 7, 15
4_26_06 6, 14, 2, 10
3_8_00 14, 6, 2
2_21_22 13, 5
2_21_02 3, 11
3_28_02 16, 8, 4
7_5_10 7, 15, 3, 11, 8, 16, 4
2_20_16 5, 13
8_4_14 8, 16, 4, 12, 9, 1, 5, 13
2_26_18 8, 16
7_4_02 2, 10, 14, 6, 7, 15, 3
6_30_02 5, 13, 1, 9, 14, 6
4_2_12 7, 15, 3, 11
8_26_10 8, 16, 4, 12, 9, 1, 5, 13
1_23_12 16
7_4_22 12, 4, 8, 16, 1, 9, 13
8_9_10 8, 16, 4, 12, 9, 1, 5, 13
3_28_10 4, 12, 8
8_16_18 13, 5, 9, 1, 10, 2, 6, 14
7_30_20 14, 6, 10, 2, 7, 15, 3
7_23_16 10, 2, 6, 14, 3, 11, 15
5_19_14 8, 16, 4, 12, 1
1_23_00 10
8_23_12 8, 16, 4, 12, 9, 1, 5, 13
4_30_14 11, 3, 7, 15
6_12_00 3, 11, 15, 7, 16, 8
5_22_22 13, 5, 9, 1, 10
6_15_10 9, 1, 5, 13, 6, 14
