7_23_00 2, 10, 14, 6, 11, 3, 7
3_4_18 6, 14, 10
6_2_10 6, 14, 2, 10, 3, 11
2_27_04 5, 13
5_23_18 11, 3, 7, 15, 4
8_7_14 9, 1, 5, 13, 10, 2, 6, 14
8_21_08 6, 14, 2, 10, 7, 15, 3, 11
7_26_10 8, 16, 4, 12, 5, 13, 1
7_13_00 4, 12, 16, 8, 1, 9, 13
3_24_00 14, 6, 2
6_12_02 4, 12, 16, 8, 1, 9
6_28_18 12, 4, 8, 16, 9, 1
2_25_22 14, 6
4_11_12 9, 1, 5, 13
3_13_04 6, 14, 2
2_21_04 4, 12
5_26_08 7, 15, 3, 11, 4
1_18_08 1
4_21_04 4, 12, 16, 8
5_24_20 12, 4, 8, 16, 1
8_13_00 4, 12, 16, 8, 1, 9, 13, 5
8_23_02 3, 11, 15, 7, 4, 12, 16, 8
2_24_08 2, 10
6_29_08 8, 16, 4, 12, 5, 13
7_10_04 5, 13, 1, 9, 2, 10, 14
6_18_16 9, 1, 5, 13, 6, 14
6_31_00 4, 12, 16, 8, 1, 9
1_11_10 16
7_3_04 3, 11, 15, 7, 12, 4, 8
4_24_02 3, 11, 15, 7
6_2_12 7, 15, 3, 11, 4, 12
7_28_02 4, 12, 16, 8, 9, 1, 5
6_24_22 13, 5, 9, 1, 10, 2
2_26_14 6, 14
8_26_18 12, 4, 8, 16, 13, 5, 9, 1
1_31_02 13
1_30_00 16
6_4_00 1, 9, 13, 5, 14, 6
5_11_04 5, 13, 1, 9, 14
5_20_00 1, 9, 13, 5, 6
6_25_16 11, 3, 7, 15, 12, 4
8_1_14 8, 16, 4, 12, 9, 1, 5, 13
7_20_10 6, 14, 2, 10, 11, 3, 7
1_31_16 4
2_1_04 3, 11
5_29_14 11, 3, 7, 15, 8
7_21_22 13, 5, 9, 1, 14, 6, 10
4_27_16 11, 3, 7, 15
7_12_14 10, 2, 6, 14, 15, 7, 11
1_6_10 3
1_6_00 14
8_26_16 11, 3, 7, 15, 12, 4, 8, 16
4_17_04 3, 11, 15, 7
3_30_02 1, 9, 13
8_18_18 10, 2, 6, 14, 11, 3, 7, 15
7_25_12 9, 1, 5, 13, 10, 2, 6
6_26_02 4, 12, 16, 8, 1, 9
5_21_20 12, 4, 8, 16, 13
2_7_18 11, 3
7_1_02 2, 10, 14, 6, 3, 11, 15
4_19_18 10, 2, 6, 14
3_3_18 10, 2, 14
6_25_22 14, 6, 10, 2, 15, 7
3_13_06 7, 15, 3
4_3_02 2, 10, 14, 6
4_2_08 5, 13, 1, 9
8_4_04 3, 11, 15, 7, 4, 12, 16, 8
8_28_18 12, 4, 8, 16, 13, 5, 9, 1
1_19_20 3
6_28_12 9, 1, 5, 13, 6, 14
6_28_04 5, 13, 1, 9, 2, 10
5_12_02 4, 12, 16, 8, 9
6_20_22 12, 4, 8, 16, 9, 1
4_29_16 12, 4, 8, 16
4_9_20 13, 5, 9, 1
1_5_02 3
7_31_06 7, 15, 3, 11, 12, 4, 8
5_6_04 4, 12, 16, 8, 1
5_6_22 13, 5, 9, 1, 10
6_26_04 5, 13, 1, 9, 2, 10
1_16_08 12
1_25_08 7
5_9_06 6, 14, 2, 10, 7
7_16_10 9, 1, 5, 13, 10, 2, 6
7_21_06 5, 13, 1, 9, 6, 14, 2
8_14_14 11, 3, 7, 15, 8, 16, 4, 12
7_19_00 1, 9, 13, 5, 10, 2, 6
7_4_12 7, 15, 3, 11, 12, 4, 8
2_19_18 10, 2
3_10_22 10, 2, 6
3_5_20 12, 4, 8
7_6_08 6, 14, 2, 10, 3, 11, 15
3_30_22 11, 3, 7
4_5_04 4, 12, 16, 8
3_31_10 9, 1, 13
4_29_22 15, 7, 11, 3
5_31_22 15, 7, 11, 3, 4
3_18_20 7, 15, 3
5_5_08 6, 14, 2, 10, 7
5_10_16 11, 3, 7, 15, 8
1_2_22 8
5_7_14 9, 1, 5, 13, 2
1_14_18 9
6_16_18 13, 5, 9, 1, 6, 14
1_20_04 7
7_11_22 14, 6, 10, 2, 7, 15, 3
7_22_16 10, 2, 6, 14, 7, 15, 3
8_8_12 8, 16, 4, 12, 9, 1, 5, 13
4_11_06 6, 14, 2, 10
6_3_04 3, 11, 15, 7, 4, 12
8_1_00 1, 9, 13, 5, 2, 10, 14, 6
6_27_00 3, 11, 15, 7, 4, 12
5_10_10 8, 16, 4, 12, 5
8_15_02 5, 13, 1, 9, 2, 10, 14, 6
2_21_22 13, 5
5_3_16 9, 1, 5, 13, 2
6_16_16 12, 4, 8, 16, 5, 13
7_21_02 3, 11, 15, 7, 4, 12, 16
4_9_14 10, 2, 6, 14
7_3_12 7, 15, 3, 11, 16, 8, 12
7_14_02 5, 13, 1, 9, 14, 6, 10
1_13_18 13
5_6_14 9, 1, 5, 13, 6
1_26_06 2
4_1_12 7, 15, 3, 11
2_27_10 8, 16
7_8_12 8, 16, 4, 12, 13, 5, 9
7_27_16 11, 3, 7, 15, 4, 12, 16
5_30_04 6, 14, 2, 10, 15
4_18_18 10, 2, 6, 14
4_20_12 7, 15, 3, 11
8_21_10 7, 15, 3, 11, 8, 16, 4, 12
4_18_22 12, 4, 8, 16
1_9_16 11
4_11_20 13, 5, 9, 1
1_19_16 1
3_7_04 4, 12, 8
1_1_10 6
3_8_18 7, 15, 11
4_13_14 11, 3, 7, 15
8_25_08 7, 15, 3, 11, 8, 16, 4, 12
7_21_04 4, 12, 16, 8, 5, 13, 1
3_16_10 5, 13, 9
6_8_18 11, 3, 7, 15, 8, 16
4_1_02 2, 10, 14, 6
2_8_22 9, 1
8_30_16 12, 4, 8, 16, 9, 1, 5, 13
3_10_02 16, 8, 12
6_6_08 6, 14, 2, 10, 3, 11
2_21_16 10, 2
6_5_02 3, 11, 15, 7, 4, 12
5_18_00 1, 9, 13, 5, 14
3_5_08 6, 14, 2
6_9_06 6, 14, 2, 10, 7, 15
3_1_12 7, 15, 3
7_4_02 2, 10, 14, 6, 7, 15, 3
7_29_04 6, 14, 2, 10, 3, 11, 15
4_10_00 3, 11, 15, 7
3_11_22 14, 6, 2
6_21_00 2, 10, 14, 6, 3, 11
4_2_20 11, 3, 7, 15
7_18_18 10, 2, 6, 14, 7, 15, 3
7_27_10 8, 16, 4, 12, 1, 9, 13
8_23_16 10, 2, 6, 14, 11, 3, 7, 15
7_4_04 3, 11, 15, 7, 8, 16, 4
1_21_18 11
5_19_22 12, 4, 8, 16, 5
6_13_20 14, 6, 10, 2, 11, 3
8_11_20 13, 5, 9, 1, 14, 6, 10, 2
4_4_16 9, 1, 5, 13
2_19_06 4, 12
3_28_16 7, 15, 11
5_13_12 10, 2, 6, 14, 7
7_8_08 6, 14, 2, 10, 11, 3, 7
5_28_00 3, 11, 15, 7, 8
1_23_18 3
1_23_10 15
3_19_08 5, 13, 9
8_20_06 4, 12, 16, 8, 5, 13, 1, 9
1_2_02 14
3_16_08 4, 12, 8
7_31_16 12, 4, 8, 16, 1, 9, 13
4_29_20 14, 6, 10, 2
5_18_20 11, 3, 7, 15, 8
7_7_14 9, 1, 5, 13, 2, 10, 14
1_30_14 7
8_28_14 10, 2, 6, 14, 11, 3, 7, 15
1_15_22 7
1_28_16 15
3_20_10 2, 10, 6
5_23_14 9, 1, 5, 13, 2
4_26_10 8, 16, 4, 12
5_31_16 12, 4, 8, 16, 1
7_16_20 14, 6, 10, 2, 15, 7, 11
1_10_02 16
6_11_14 10, 2, 6, 14, 11, 3
4_27_08 7, 15, 3, 11
1_22_04 16
1_1_08 5
2_16_22 11, 3
7_30_18 13, 5, 9, 1, 6, 14, 2
2_22_02 15, 7
1_15_04 14
4_12_18 12, 4, 8, 16
4_30_20 14, 6, 10, 2
8_17_10 6, 14, 2, 10, 7, 15, 3, 11
1_26_12 5
2_26_22 10, 2
3_21_10 7, 15, 3
6_22_18 11, 3, 7, 15, 8, 16
2_27_00 3, 11
3_15_06 7, 15, 11
6_4_22 12, 4, 8, 16, 9, 1
6_9_08 7, 15, 3, 11, 8, 16
7_26_04 5, 13, 1, 9, 2, 10, 14
8_28_16 11, 3, 7, 15, 12, 4, 8, 16
7_4_10 6, 14, 2, 10, 11, 3, 7
8_25_02 4, 12, 16, 8, 5, 13, 1, 9
2_3_16 9, 1
2_12_10 4, 12
8_11_14 10, 2, 6, 14, 11, 3, 7, 15
1_31_10 1
8_23_14 9, 1, 5, 13, 10, 2, 6, 14
7_28_10 8, 16, 4, 12, 13, 5, 9
8_3_06 4, 12, 16, 8, 5, 13, 1, 9
1_9_14 10
2_18_10 2, 10
1_15_08 16
4_8_10 7, 15, 3, 11
6_17_20 11, 3, 7, 15, 12, 4
2_24_20 8, 16
1_24_04 8
6_1_14 8, 16, 4, 12, 9, 1
2_13_20 14, 6
3_23_16 10, 2, 14
5_5_12 8, 16, 4, 12, 9
8_25_12 9, 1, 5, 13, 10, 2, 6, 14
4_10_22 14, 6, 10, 2
5_6_12 8, 16, 4, 12, 5
8_4_14 8, 16, 4, 12, 9, 1, 5, 13
6_14_08 8, 16, 4, 12, 1, 9
8_14_12 10, 2, 6, 14, 7, 15, 3, 11
1_5_22 13
5_22_22 13, 5, 9, 1, 10
4_9_18 12, 4, 8, 16
5_10_04 5, 13, 1, 9, 2
6_14_12 10, 2, 6, 14, 3, 11
1_28_02 8
1_7_10 15
1_16_06 11
3_1_22 12, 4, 8
2_31_04 6, 14
8_17_20 11, 3, 7, 15, 12, 4, 8, 16
1_23_08 14
1_2_12 3
3_21_12 8, 16, 4
4_4_18 10, 2, 6, 14
8_7_06 5, 13, 1, 9, 6, 14, 2, 10
7_19_16 9, 1, 5, 13, 2, 10, 14
8_6_10 7, 15, 3, 11, 8, 16, 4, 12
7_10_22 14, 6, 10, 2, 11, 3, 7
3_11_16 11, 3, 15
6_25_02 4, 12, 16, 8, 5, 13
8_20_08 5, 13, 1, 9, 6, 14, 2, 10
8_24_18 11, 3, 7, 15, 12, 4, 8, 16
5_24_22 13, 5, 9, 1, 2
7_28_04 5, 13, 1, 9, 10, 2, 6
1_16_22 3
8_20_18 10, 2, 6, 14, 11, 3, 7, 15
3_1_16 9, 1, 5
2_30_06 3, 11
6_9_12 9, 1, 5, 13, 10, 2
5_13_08 8, 16, 4, 12, 5
2_18_12 3, 11
6_16_14 11, 3, 7, 15, 4, 12
4_24_20 12, 4, 8, 16
1_2_16 5
3_1_02 2, 10, 14
8_5_02 3, 11, 15, 7, 4, 12, 16, 8
6_17_14 8, 16, 4, 12, 9, 1
1_28_08 11
1_9_00 3
4_15_08 8, 16, 12
4_17_06 4, 12, 16, 8
2_26_12 5, 13
3_23_06 5, 13, 9
8_25_18 12, 4, 8, 16, 13, 5, 9, 1
8_3_12 7, 15, 3, 11, 8, 16, 4, 12
5_17_04 3, 11, 15, 7, 4
3_14_16 8, 16, 4
8_6_04 4, 12, 16, 8, 5, 13, 1, 9
6_19_10 6, 14, 2, 10, 7, 15
6_25_04 5, 13, 1, 9, 6, 14
8_12_22 14, 6, 10, 2, 15, 7, 11, 3
3_2_06 16, 8, 12
7_28_20 13, 5, 9, 1, 2, 10, 14
6_21_16 10, 2, 6, 14, 11, 3
1_29_16 12
5_22_10 7, 15, 3, 11, 4
4_7_04 4, 12, 16, 8
2_9_20 13, 5
8_29_20 14, 6, 10, 2, 11, 3, 7, 15
7_27_14 10, 2, 6, 14, 3, 11, 15
8_8_08 6, 14, 2, 10, 7, 15, 3, 11
4_7_18 11, 3, 7, 15
2_26_10 4, 12
2_22_08 2, 10
1_22_06 1
1_25_00 3
4_31_16 12, 4, 8, 16
8_21_14 9, 1, 5, 13, 10, 2, 6, 14
4_2_14 8, 16, 4, 12
5_12_18 12, 4, 8, 16, 1
7_10_02 4, 12, 16, 8, 1, 9, 13
1_31_04 14
3_24_04 16, 8, 4
7_19_02 2, 10, 14, 6, 11, 3, 7
8_9_08 7, 15, 3, 11, 8, 16, 4, 12
8_6_00 2, 10, 14, 6, 3, 11, 15, 7
4_11_14 10, 2, 6, 14
2_1_18 10, 2
6_26_20 13, 5, 9, 1, 10, 2
6_24_14 9, 1, 5, 13, 6, 14
3_11_20 13, 5, 1
2_20_02 14, 6
7_20_06 4, 12, 16, 8, 9, 1, 5
7_2_04 3, 11, 15, 7, 16, 8, 12
3_4_12 3, 11, 7
2_17_14 8, 16
3_4_20 7, 15, 11
7_22_20 12, 4, 8, 16, 9, 1, 5
4_23_00 2, 10, 14, 6
3_8_10 3, 11, 7
7_7_02 3, 11, 15, 7, 12, 4, 8
5_1_12 7, 15, 3, 11, 8
4_10_06 6, 14, 2, 10
7_21_08 6, 14, 2, 10, 7, 15, 3
4_13_16 12, 4, 8, 16
2_28_22 10, 2
3_17_10 6, 14, 2
5_10_14 10, 2, 6, 14, 7
4_13_04 6, 14, 2, 10
2_10_14 6, 14
7_13_10 9, 1, 5, 13, 6, 14, 2
1_14_06 3
2_27_08 7, 15
8_16_02 5, 13, 1, 9, 2, 10, 14, 6
2_11_00 3, 11
6_3_12 7, 15, 3, 11, 8, 16
3_2_14 4, 12, 16
8_17_02 2, 10, 14, 6, 3, 11, 15, 7
4_15_16 12, 4, 8, 16
1_21_20 12
6_15_10 9, 1, 5, 13, 6, 14
4_29_00 4,12, 16, 8
2_9_00 3, 11
3_28_20 9, 1, 13
4_14_18 13, 5, 9, 1
7_24_00 2, 10, 14, 6, 7, 15, 3
8_4_00 1, 9, 13, 5, 2, 10, 14, 6
8_17_22 12, 4, 8, 16, 13, 5, 9, 1
7_15_02 5, 13, 1, 9, 10, 2, 6
8_9_06 6, 14, 2, 10, 7, 15, 3, 11
2_11_16 11, 3
6_31_16 12, 4, 8, 16, 9, 1
2_15_12 10, 2
4_15_20 14, 6, 10, 2
5_18_04 3, 11, 15, 7, 16
6_4_06 4, 12, 16, 8, 1, 9
6_22_06 5, 13, 1, 9, 2, 10
8_1_04 3, 11, 15, 7, 4, 12, 16, 8
7_26_12 9, 1, 5, 13, 6, 14, 2
3_20_04 15, 7, 3
6_22_04 4, 12, 16, 8, 1, 9
6_20_04 3, 11, 15, 7, 16, 8
2_3_08 5, 13
2_22_04 16, 8
2_23_06 5, 13
3_13_00 4,12, 16
8_1_22 12, 4, 8, 16, 13, 5, 9, 1
8_13_22 15, 7, 11, 3, 12, 4, 8, 16
4_21_12 8, 16, 4, 12
1_20_14 12
6_30_10 9, 1, 5, 13, 2, 10
8_19_08 5, 13, 1, 9, 6, 14, 2, 10
8_2_12 7, 15, 3, 11, 8, 16, 4, 12
3_13_02 5, 13, 1
7_19_10 6, 14, 2, 10, 15, 7, 11
4_2_02 2, 10, 14, 6
6_7_10 7, 15, 3, 11, 8, 16
2_17_20 11, 3
3_25_00 3, 11, 15
7_25_06 6, 14, 2, 10, 7, 15, 3
1_1_16 9
1_10_04 1
5_25_12 9, 1, 5, 13, 10
2_1_22 12, 4
2_6_04 16, 8
1_12_18 16
6_16_06 7, 15, 3, 11, 16, 8
5_9_18 12, 4, 8, 16, 13
3_29_22 15, 7, 11
5_30_14 11, 3, 7, 15, 4
6_20_10 6, 14, 2, 10, 3, 11
6_17_08 5, 13, 1, 9, 6, 14
8_20_20 11, 3, 7, 15, 12, 4, 8, 16
1_14_10 5
7_1_00 1, 9, 13, 5, 2, 10, 14
4_28_00 3, 11, 15, 7
1_18_10 2
8_30_12 10, 2, 6, 14, 7, 15, 3, 11
4_22_12 8, 16, 4, 12
5_26_00 3, 11, 15, 7, 16
3_21_22 13, 5, 9
4_8_06 5, 13, 1, 9
5_27_04 5, 13, 1, 9, 14
6_15_02 5, 13, 1, 9, 2, 10
2_8_04 16, 8
1_31_12 2
3_20_08 1, 9, 5
3_10_14 6, 14, 2
3_4_04 15, 7, 3
3_1_18 10, 2, 6
1_12_10 12
3_2_10 2, 10, 14
3_13_16 12, 4, 8
1_30_06 3
2_2_02 14, 6
5_26_16 11, 3, 7, 15, 8
8_15_06 7, 15, 3, 11, 4, 12, 16, 8
5_21_00 2, 10, 14, 6, 3
8_31_14 11, 3, 7, 15, 8, 16, 4, 12
8_30_18 13, 5, 9, 1, 10, 2, 6, 14
8_20_22 12, 4, 8, 16, 13, 5, 9, 1
4_19_08 5, 13, 1, 9
5_16_16 12, 4, 8, 16, 13
5_4_00 1, 9, 13, 5, 6
8_10_06 6, 14, 2, 10, 7, 15, 3, 11
6_8_14 9, 1, 5, 13, 6, 14
6_23_06 5, 13, 1, 9, 6, 14
6_5_04 4, 12, 16, 8, 5, 13
3_20_00 13, 5, 1
1_21_10 7
1_29_06 7
1_8_14 13
4_20_14 8, 16, 4, 12
3_1_08 5, 13, 1
2_21_06 5, 13
7_20_08 5, 13, 1, 9, 10, 2, 6
2_23_02 3, 11
7_20_04 3, 11, 15, 7, 8, 16, 4
1_11_04 13
1_13_06 7
5_2_20 11, 3, 7, 15, 8
4_8_16 10, 2, 6, 14
3_28_04 1, 9, 5
2_7_16 10, 2
2_7_06 5, 13
4_15_18 13, 5, 9, 1
2_4_14 4, 12
8_2_18 10, 2, 6, 14, 11, 3, 7, 15
6_16_02 5, 13, 1, 9, 14, 6
4_19_22 12, 4, 8, 16
1_13_20 14
1_19_00 9
2_16_20 10, 2
3_28_22 10, 2, 14
7_21_10 7, 15, 3, 11, 8, 16, 4
3_31_02 5, 13, 9
8_16_08 8, 16, 4, 12, 5, 13, 1, 9
1_12_02 8
8_10_22 14, 6, 10, 2, 15, 7, 11, 3
2_17_06 4, 12
1_3_10 14
3_23_08 6, 14, 10
5_7_06 5, 13, 1, 9, 14
5_28_18 12, 4, 8, 16, 1
4_8_20 12, 4, 8, 16
1_1_00 1
3_24_06 1, 9, 5
8_5_22 13, 5, 9, 1, 14, 6, 10, 2
3_9_04 5, 13, 1
6_2_06 4, 12, 16, 8, 1, 9
5_11_22 14, 6, 10, 2, 7
3_24_14 5, 13, 9
5_20_12 7, 15, 3, 11, 12
5_9_12 9, 1, 5, 13, 10
5_23_04 4, 12, 16, 8, 13
6_28_06 6, 14, 2, 10, 3, 11
2_22_16 6, 14
8_7_18 11, 3, 7, 15, 12, 4, 8, 16
8_27_10 8, 16, 4, 12, 9, 1, 5, 13
4_28_04 5, 13, 1, 9
3_5_22 13, 5, 9
8_3_14 8, 16, 4, 12, 9, 1, 5, 13
3_12_10 4, 12, 8
5_17_08 5, 13, 1, 9, 6
8_20_12 7, 15, 3, 11, 8, 16, 4, 12
8_17_18 10, 2, 6, 14, 11, 3, 7, 15
3_3_02 2, 10, 6
5_21_22 13, 5, 9, 1, 14
6_19_14 8, 16, 4, 12, 9, 1
4_28_18 12, 4, 8, 16
5_19_14 8, 16, 4, 12, 1
1_17_20 11
3_21_06 5, 13, 1
7_29_16 12, 4, 8, 16, 9, 1, 5
2_26_02 16, 8
4_26_04 5, 13, 1, 9
8_4_12 7, 15, 3, 11, 8, 16, 4, 12
2_8_14 5, 13
3_26_20 9, 1, 5
8_17_14 8, 16, 4, 12, 9, 1, 5, 13
2_12_14 6, 14
5_14_10 9, 1, 5, 13, 2
8_31_04 6, 14, 2, 10, 3, 11, 15, 7
7_11_14 10, 2, 6, 14, 3, 11, 15
6_21_06 5, 13, 1, 9, 6, 14
1_11_16 3
1_31_14 3
3_28_18 8, 16, 12
4_16_18 13, 5, 9, 1
2_17_22 12, 4
5_4_06 4, 12, 16, 8, 9
2_7_08 6, 14
5_15_20 14, 6, 10, 2, 3
8_14_02 5, 13, 1, 9, 2, 10, 14, 6
5_17_16 9, 1, 5, 13, 10
5_12_22 14, 6, 10, 2, 3
6_26_12 9, 1, 5, 13, 6, 14
6_28_08 7, 15, 3, 11, 4, 12
8_1_08 5, 13, 1, 9, 6, 14, 2, 10
2_12_00 15, 7
1_1_04 3
2_1_06 4, 12
6_12_00 3, 11, 15, 7, 16, 8
4_29_10 9, 1, 5, 13
3_19_14 8, 16, 12
4_17_20 11, 3, 7, 15
7_8_02 3, 11, 15, 7, 8, 16, 4
