6_19_22 12, 4, 8, 16, 13, 5
7_21_20 12, 4, 8, 16, 13, 5, 9
5_18_00 1, 9, 13, 5, 14
8_26_14 10, 2, 6, 14, 11, 3, 7, 15
8_15_14 11, 3, 7, 15, 8, 16, 4, 12
6_5_08 6, 14, 2, 10, 7, 15
7_23_04 4, 12, 16, 8, 13, 5, 9
7_5_00 2, 10, 14, 6, 3, 11, 15
3_11_16 11, 3, 15
8_1_00 1, 9, 13, 5, 2, 10, 14, 6
1_5_02 3
2_27_06 6, 14
1_27_18 4
3_20_06 16, 8, 4
4_4_16 9, 1, 5, 13
7_4_10 6, 14, 2, 10, 11, 3, 7
2_12_10 4, 12
5_14_02 5, 13, 1, 9, 14
4_30_00 4,12, 16, 8
8_16_16 12, 4, 8, 16, 9, 1, 5, 13
5_12_10 8, 16, 4, 12, 13
7_19_04 3, 11, 15, 7, 12, 4, 8
1_11_00 11
6_31_14 11, 3, 7, 15, 8, 16
5_20_18 10, 2, 6, 14, 15
3_12_16 7, 15, 11
8_12_08 7, 15, 3, 11, 8, 16, 4, 12
5_5_04 4, 12, 16, 8, 5
5_4_02 2, 10, 14, 6, 7
8_25_22 14, 6, 10, 2, 15, 7, 11, 3
2_2_14 4, 12
4_24_04 4, 12, 16, 8
2_23_18 11, 3
1_28_08 11
3_9_02 4, 12, 16
1_26_22 10
1_4_08 9
8_30_12 10, 2, 6, 14, 7, 15, 3, 11
4_28_08 7, 15, 3, 11
8_31_12 10, 2, 6, 14, 7, 15, 3, 11
6_28_18 12, 4, 8, 16, 9, 1
5_26_18 12, 4, 8, 16, 9
3_23_08 6, 14, 10
2_8_12 4, 12
1_27_02 12
6_27_04 5, 13, 1, 9, 6, 14
1_4_04 7
4_18_06 4, 12, 16, 8
2_10_10 4, 12
8_10_02 4, 12, 16, 8, 5, 13, 1, 9
8_11_12 9, 1, 5, 13, 10, 2, 6, 14
7_1_00 1, 9, 13, 5, 2, 10, 14
4_16_08 8, 16, 4, 12
6_2_00 1, 9, 13, 5, 14, 6
1_13_10 9
3_21_04 4, 12, 16
7_1_22 12, 4, 8, 16, 13, 5, 9
4_18_10 6, 14, 2, 10
2_20_12 3, 11
4_16_06 7, 15, 3, 11
7_22_06 5, 13, 1, 9, 2, 10, 14
6_27_16 11, 3, 7, 15, 12, 4
5_29_16 12, 4, 8, 16, 9
1_17_02 2
5_2_10 6, 14, 2, 10, 3
5_1_06 4, 12, 16, 8, 5
5_16_14 11, 3, 7, 15, 12
2_16_08 4, 12
6_4_18 10, 2, 6, 14, 7, 15
5_15_06 7, 15, 3, 11, 12
6_16_20 14, 6, 10, 2, 7, 15
7_20_20 11, 3, 7, 15, 16, 8, 12
6_24_00 2, 10, 14, 6, 15, 7
4_24_20 12, 4, 8, 16
6_14_12 10, 2, 6, 14, 3, 11
4_15_18 13, 5, 9, 1
5_31_12 10, 2, 6, 14, 15
1_16_10 13
4_31_02 5, 13, 1, 9
4_25_04 5, 13, 1, 9
2_2_22 8, 16
7_17_10 6, 14, 2, 10, 7, 15, 3
3_6_20 8, 16, 4
1_18_08 1
2_27_04 5, 13
4_28_04 5, 13, 1, 9
6_31_04 6, 14, 2, 10, 3, 11
3_14_18 9, 1, 5
7_26_14 10, 2, 6, 14, 7, 15, 3
1_12_14 14
1_22_00 14
7_11_16 11, 3, 7, 15, 4, 12, 16
3_6_18 7, 15, 3
5_12_00 3, 11, 15, 7, 8
5_26_06 6, 14, 2, 10, 3
6_7_16 10, 2, 6, 14, 11, 3
8_16_18 13, 5, 9, 1, 10, 2, 6, 14
4_17_20 11, 3, 7, 15
2_16_04 2, 10
7_9_04 5, 13, 1, 9, 6, 14, 2
4_8_06 5, 13, 1, 9
1_25_20 13
8_12_18 12, 4, 8, 16, 13, 5, 9, 1
4_5_06 5, 13, 1, 9
6_28_00 3, 11, 15, 7, 16, 8
8_28_20 13, 5, 9, 1, 14, 6, 10, 2
8_31_16 12, 4, 8, 16, 9, 1, 5, 13
4_18_18 10, 2, 6, 14
5_19_12 7, 15, 3, 11, 16
4_27_02 4, 12, 16, 8
1_19_10 14
4_13_08 8, 16, 4, 12
5_23_12 8, 16, 4, 12, 1
5_4_14 8, 16, 4, 12, 13
7_25_22 14, 6, 10, 2, 15, 7, 11
2_24_00 14, 6
1_1_22 12
6_7_20 12, 4, 8, 16, 13, 5
2_20_06 16, 8
7_3_02 2, 10, 14, 6, 11, 3, 7
6_22_20 12, 4, 8, 16, 9, 1
4_7_06 5, 13, 1, 9
6_9_08 7, 15, 3, 11, 8, 16
7_6_22 13, 5, 9, 1, 10, 2, 6
2_21_12 8, 16
5_10_16 11, 3, 7, 15, 8
2_15_20 14, 6
6_23_22 13, 5, 9, 1, 14, 6
7_30_18 13, 5, 9, 1, 6, 14, 2
1_23_20 4
1_9_16 11
1_17_18 10
4_15_12 10, 2, 6, 14
3_20_08 1, 9, 5
8_2_06 4, 12, 16, 8, 5, 13, 1, 9
7_28_22 14, 6, 10, 2, 3, 11, 15
1_6_10 3
6_7_22 13, 5, 9, 1, 14, 6
8_13_10 9, 1, 5, 13, 6, 14, 2, 10
6_10_08 7, 15, 3, 11, 4, 12
5_10_04 5, 13, 1, 9, 2
5_17_14 8, 16, 4, 12, 9
6_22_10 7, 15, 3, 11, 4, 12
3_5_12 8, 16, 4
3_3_16 9, 1, 13
5_28_18 12, 4, 8, 16, 1
6_20_04 3, 11, 15, 7, 16, 8
2_11_16 11, 3
3_25_16 11, 3, 7
4_20_06 4, 12, 16, 8
1_15_18 5
2_20_20 7, 15
6_21_18 11, 3, 7, 15, 12, 4
2_15_12 10, 2
6_21_12 8, 16, 4, 12, 9, 1
6_11_14 10, 2, 6, 14, 11, 3
8_15_12 10, 2, 6, 14, 7, 15, 3, 11
3_22_10 3, 11, 15
7_11_22 14, 6, 10, 2, 7, 15, 3
2_11_14 10, 2
4_29_18 13, 5, 9, 1
2_30_06 3, 11
6_24_22 13, 5, 9, 1, 10, 2
5_17_08 5, 13, 1, 9, 6
8_4_16 9, 1, 5, 13, 10, 2, 6, 14
6_26_06 6, 14, 2, 10, 3, 11
7_15_22 15, 7, 11, 3, 4, 12, 16
3_14_16 8, 16, 4
5_16_16 12, 4, 8, 16, 13
4_4_08 5, 13, 1, 9
2_17_16 9, 1
5_24_00 2, 10, 14, 6, 7
8_16_12 10, 2, 6, 14, 7, 15, 3, 11
4_4_20 11, 3, 7, 15
5_21_00 2, 10, 14, 6, 3
2_10_06 2, 10
1_27_06 14
7_16_14 11, 3, 7, 15, 12, 4, 8
2_31_00 4,12
8_6_12 8, 16, 4, 12, 9, 1, 5, 13
3_19_06 4, 12, 8
6_29_00 4, 12, 16, 8, 1, 9
4_6_18 11, 3, 7, 15
8_16_00 4, 12, 16, 8, 1, 9, 13, 5
6_4_08 5, 13, 1, 9, 2, 10
6_20_16 9, 1, 5, 13, 6, 14
5_12_16 11, 3, 7, 15, 16
7_31_06 7, 15, 3, 11, 12, 4, 8
7_6_14 9, 1, 5, 13, 6, 14, 2
5_30_06 7, 15, 3, 11, 16
7_30_20 14, 6, 10, 2, 7, 15, 3
3_28_06 2, 10, 6
4_24_16 10, 2, 6, 14
2_28_16 7, 15
6_7_10 7, 15, 3, 11, 8, 16
7_17_12 7, 15, 3, 11, 8, 16, 4
3_26_12 5, 13, 1
5_28_12 9, 1, 5, 13, 14
3_7_18 11, 3, 15
3_28_22 10, 2, 14
4_12_10 8, 16, 4, 12
6_16_10 9, 1, 5, 13, 2, 10
1_16_12 14
6_16_16 12, 4, 8, 16, 5, 13
3_5_00 2, 10, 14
8_30_06 7, 15, 3, 11, 4, 12, 16, 8
2_19_12 7, 15
7_3_20 11, 3, 7, 15, 4, 12, 16
1_15_12 2
1_23_08 14
4_6_04 4, 12, 16, 8
1_12_16 15
1_15_14 3
6_20_10 6, 14, 2, 10, 3, 11
4_25_02 4, 12, 16, 8
3_28_16 7, 15, 11
4_10_08 7, 15, 3, 11
6_3_02 2, 10, 14, 6, 3, 11
7_19_10 6, 14, 2, 10, 15, 7, 11
1_24_16 14
5_31_00 4, 12, 16, 8, 9
5_2_00 1, 9, 13, 5, 14
6_11_00 3, 11, 15, 7, 4, 12
2_10_22 10, 2
1_3_10 14
6_4_20 11, 3, 7, 15, 8, 16
3_17_20 11, 3, 7
4_26_04 5, 13, 1, 9
5_1_02 2, 10, 14, 6, 3
2_15_08 8, 16
3_1_00 1, 9, 13
1_18_00 13
5_18_12 7, 15, 3, 11, 4
4_28_00 3, 11, 15, 7
7_7_08 6, 14, 2, 10, 15, 7, 11
7_6_12 8, 16, 4, 12, 5, 13, 1
4_1_02 2, 10, 14, 6
3_10_14 6, 14, 2
2_19_14 8, 16
8_6_14 9, 1, 5, 13, 10, 2, 6, 14
4_11_22 14, 6, 10, 2
4_21_10 7, 15, 3, 11
3_15_00 4,12, 8
2_1_22 12, 4
3_14_22 11, 3, 7
3_16_20 10, 2, 14
8_5_18 11, 3, 7, 15, 12, 4, 8, 16
5_29_06 7, 15, 3, 11, 4
4_3_16 9, 1, 5, 13
5_14_00 4, 12, 16, 8, 13
2_6_20 8, 16
7_14_22 15, 7, 11, 3, 8, 16, 4
3_15_10 9, 1, 13
1_2_20 7
6_22_08 6, 14, 2, 10, 3, 11
5_13_12 10, 2, 6, 14, 7
5_18_14 8, 16, 4, 12, 5
1_14_08 4
8_19_12 7, 15, 3, 11, 8, 16, 4, 12
6_25_12 9, 1, 5, 13, 10, 2
5_7_02 3, 11, 15, 7, 12
3_16_10 5, 13, 9
3_31_20 14, 6, 2
3_25_06 6, 14, 2
3_6_12 4, 12, 16
5_1_04 3, 11, 15, 7, 4
2_29_02 5, 13
2_9_10 8, 16
8_18_16 9, 1, 5, 13, 10, 2, 6, 14
7_2_10 6, 14, 2, 10, 3, 11, 15
1_22_18 7
1_20_12 11
5_9_20 13, 5, 9, 1, 14
3_6_22 9, 1, 5
1_21_00 2
1_4_20 15
3_19_20 11, 3, 15
6_31_22 15, 7, 11, 3, 12, 4
4_15_00 4,12, 16, 8
6_13_02 5, 13, 1, 9, 2, 10
5_20_04 3, 11, 15, 7, 8
7_2_04 3, 11, 15, 7, 16, 8, 12
1_10_02 16
7_6_16 10, 2, 6, 14, 7, 15, 3
2_29_16 12, 4
1_22_06 1
8_10_18 12, 4, 8, 16, 13, 5, 9, 1
2_6_10 3, 11
1_11_06 14
7_12_04 5, 13, 1, 9, 10, 2, 6
1_11_02 12
4_7_02 3, 11, 15, 7
1_18_14 4
7_25_02 4, 12, 16, 8, 5, 13, 1
4_7_10 7, 15, 3, 11
7_21_18 11, 3, 7, 15, 12, 4, 8
4_17_02 2, 10, 14, 6
1_17_04 3
2_29_20 14, 6
5_20_00 1, 9, 13, 5, 6
7_20_02 2, 10, 14, 6, 7, 15, 3
7_14_12 10, 2, 6, 14, 3, 11, 15
3_21_22 13, 5, 9
8_10_04 5, 13, 1, 9, 6, 14, 2, 10
6_13_04 6, 14, 2, 10, 3, 11
7_21_14 9, 1, 5, 13, 10, 2, 6
8_3_22 12, 4, 8, 16, 13, 5, 9, 1
1_8_04 8
2_28_06 2, 10
6_15_20 14, 6, 10, 2, 11, 3
3_30_14 7, 15, 3
8_29_18 13, 5, 9, 1, 10, 2, 6, 14
1_9_22 14
6_2_06 4, 12, 16, 8, 1, 9
5_28_16 11, 3, 7, 15, 16
1_2_16 5
7_22_00 2, 10, 14, 6, 15, 7, 11
8_16_22 15, 7, 11, 3, 12, 4, 8, 16
3_31_10 9, 1, 13
5_15_02 5, 13, 1, 9, 10
8_11_04 5, 13, 1, 9, 6, 14, 2, 10
3_9_18 12, 4, 8
5_16_20 14, 6, 10, 2, 15
7_13_04 6, 14, 2, 10, 3, 11, 15
4_23_18 11, 3, 7, 15
6_23_00 2, 10, 14, 6, 3, 11
2_18_12 3, 11
5_9_08 7, 15, 3, 11, 8
6_1_00 1, 9, 13, 5, 2, 10
8_8_22 13, 5, 9, 1, 14, 6, 10, 2
3_17_14 8, 16, 4
3_28_12 5, 13, 9
4_18_22 12, 4, 8, 16
4_14_22 15, 7, 11, 3
3_1_22 12, 4, 8
6_31_00 4, 12, 16, 8, 1, 9
1_28_22 2
2_31_12 10, 2
6_1_08 5, 13, 1, 9, 6, 14
7_16_00 4, 12, 16, 8, 5, 13, 1
3_16_00 16, 8, 4
7_29_08 8, 16, 4, 12, 5, 13, 1
7_8_08 6, 14, 2, 10, 11, 3, 7
4_24_14 9, 1, 5, 13
8_27_02 4, 12, 16, 8, 5, 13, 1, 9
5_3_08 5, 13, 1, 9, 14
7_17_02 2, 10, 14, 6, 3, 11, 15
8_13_02 5, 13, 1, 9, 2, 10, 14, 6
1_23_22 5
7_23_20 12, 4, 8, 16, 5, 13, 1
7_5_22 13, 5, 9, 1, 14, 6, 10
2_6_08 2, 10
2_3_18 10, 2
5_14_04 6, 14, 2, 10, 15
5_26_08 7, 15, 3, 11, 4
2_22_02 15, 7
6_12_00 3, 11, 15, 7, 16, 8
6_18_12 7, 15, 3, 11, 4, 12
5_7_12 8, 16, 4, 12, 1
1_2_08 1
6_7_04 4, 12, 16, 8, 5, 13
3_19_08 5, 13, 9
8_18_22 12, 4, 8, 16, 13, 5, 9, 1
2_8_16 6, 14
1_24_20 16
1_3_00 9
5_18_18 10, 2, 6, 14, 7
5_1_18 10, 2, 6, 14, 11
5_4_06 4, 12, 16, 8, 9
4_31_22 15, 7, 11, 3
8_14_00 4, 12, 16, 8, 1, 9, 13, 5
1_5_18 11
8_7_02 3, 11, 15, 7, 4, 12, 16, 8
3_19_04 3, 11, 7
1_13_08 8
1_8_00 6
7_23_12 8, 16, 4, 12, 1, 9, 13
2_8_10 3, 11
1_17_06 4
1_31_02 13
7_21_08 6, 14, 2, 10, 7, 15, 3
4_2_22 12, 4, 8, 16
7_6_18 11, 3, 7, 15, 8, 16, 4
7_14_08 8, 16, 4, 12, 1, 9, 13
4_13_04 6, 14, 2, 10
4_14_08 8, 16, 4, 12
7_18_06 4, 12, 16, 8, 1, 9, 13
7_25_06 6, 14, 2, 10, 7, 15, 3
6_14_02 5, 13, 1, 9, 14, 6
2_10_16 7, 15
5_6_14 9, 1, 5, 13, 6
3_22_18 7, 15, 3
3_4_00 13, 5, 1
7_11_02 4, 12, 16, 8, 13, 5, 9
4_5_12 8, 16, 4, 12
8_11_22 14, 6, 10, 2, 15, 7, 11, 3
4_27_10 8, 16, 4, 12
3_27_20 13, 5, 1
2_6_16 6, 14
7_8_18 11, 3, 7, 15, 16, 8, 12
1_29_06 7
8_23_18 11, 3, 7, 15, 12, 4, 8, 16
1_23_06 13
1_27_20 5
3_23_22 13, 5, 1
5_13_08 8, 16, 4, 12, 5
5_20_16 9, 1, 5, 13, 14
2_24_02 15, 7
5_7_04 4, 12, 16, 8, 13
5_31_08 8, 16, 4, 12, 13
7_12_00 3, 11, 15, 7, 8, 16, 4
3_21_02 3, 11, 15
4_10_12 9, 1, 5, 13
5_25_18 12, 4, 8, 16, 13
3_13_04 6, 14, 2
7_13_02 5, 13, 1, 9, 2, 10, 14
8_10_22 14, 6, 10, 2, 15, 7, 11, 3
8_19_06 4, 12, 16, 8, 5, 13, 1, 9
2_11_12 9, 1
6_27_02 4, 12, 16, 8, 5, 13
7_5_06 5, 13, 1, 9, 6, 14, 2
8_11_08 7, 15, 3, 11, 8, 16, 4, 12
3_20_18 6, 14, 10
8_17_10 6, 14, 2, 10, 7, 15, 3, 11
5_1_12 7, 15, 3, 11, 8
8_18_18 10, 2, 6, 14, 11, 3, 7, 15
3_7_04 4, 12, 8
7_26_22 14, 6, 10, 2, 11, 3, 7
7_18_16 9, 1, 5, 13, 6, 14, 2
1_30_18 9
1_31_12 2
1_25_16 11
1_3_16 1
1_9_14 10
3_15_20 14, 6, 2
4_24_18 11, 3, 7, 15
8_28_08 7, 15, 3, 11, 8, 16, 4, 12
6_26_14 10, 2, 6, 14, 7, 15
2_7_00 2, 10
1_14_00 16
3_26_20 9, 1, 5
3_21_12 8, 16, 4
5_5_08 6, 14, 2, 10, 7
1_13_22 15
8_11_16 11, 3, 7, 15, 12, 4, 8, 16
5_31_20 14, 6, 10, 2, 3
6_25_18 12, 4, 8, 16, 13, 5
1_22_14 5
4_10_00 3, 11, 15, 7
5_20_12 7, 15, 3, 11, 12
3_19_00 1, 9, 5
2_8_20 8, 16
2_25_06 6, 14
4_11_04 5, 13, 1, 9
5_19_08 5, 13, 1, 9, 14
8_30_10 9, 1, 5, 13, 6, 14, 2, 10
2_18_22 8, 16
6_26_04 5, 13, 1, 9, 2, 10
4_5_20 12, 4, 8, 16
6_13_14 11, 3, 7, 15, 8, 16
8_6_22 13, 5, 9, 1, 14, 6, 10, 2
5_10_22 14, 6, 10, 2, 11
8_24_10 7, 15, 3, 11, 8, 16, 4, 12
5_12_04 5, 13, 1, 9, 10
5_30_08 8, 16, 4, 12, 1
5_29_20 14, 6, 10, 2, 11
7_25_04 5, 13, 1, 9, 6, 14, 2
8_7_00 2, 10, 14, 6, 3, 11, 15, 7
4_6_10 7, 15, 3, 11
6_3_10 6, 14, 2, 10, 7, 15
8_3_04 3, 11, 15, 7, 4, 12, 16, 8
5_24_02 3, 11, 15, 7, 8
6_8_22 13, 5, 9, 1, 10, 2
6_3_06 4, 12, 16, 8, 5, 13
1_1_06 4
7_9_14 10, 2, 6, 14, 11, 3, 7
2_5_00 2, 10
3_28_20 9, 1, 13
2_1_16 9, 1
5_6_18 11, 3, 7, 15, 8
8_10_08 7, 15, 3, 11, 8, 16, 4, 12
7_10_06 6, 14, 2, 10, 3, 11, 15
3_13_02 5, 13, 1
6_24_18 11, 3, 7, 15, 8, 16
8_31_02 5, 13, 1, 9, 2, 10, 14, 6
8_28_22 14, 6, 10, 2, 15, 7, 11, 3
5_23_14 9, 1, 5, 13, 2
8_10_06 6, 14, 2, 10, 7, 15, 3, 11
7_11_10 8, 16, 4, 12, 1, 9, 13
3_5_10 7, 15, 3
2_23_02 3, 11
8_14_18 13, 5, 9, 1, 10, 2, 6, 14
3_14_12 6, 14, 2
4_30_10 9, 1, 5, 13
5_22_18 11, 3, 7, 15, 8
1_18_20 7
5_3_02 2, 10, 14, 6, 11
8_25_18 12, 4, 8, 16, 13, 5, 9, 1
2_3_12 7, 15
7_20_12 7, 15, 3, 11, 12, 4, 8
3_23_14 9, 1, 13
3_29_12 10, 2, 6
5_26_00 3, 11, 15, 7, 16
6_25_20 13, 5, 9, 1, 14, 6
2_9_20 13, 5
7_23_10 7, 15, 3, 11, 16, 8, 12
7_1_14 8, 16, 4, 12, 9, 1, 5
6_21_00 2, 10, 14, 6, 3, 11
3_9_12 9, 1, 5
4_18_14 8, 16, 4, 12
1_6_12 4
8_16_20 14, 6, 10, 2, 11, 3, 7, 15
4_8_02 3, 11, 15, 7
6_14_18 13, 5, 9, 1, 6, 14
6_27_08 7, 15, 3, 11, 8, 16
7_27_16 11, 3, 7, 15, 4, 12, 16
2_27_00 3, 11
2_10_12 5, 13
5_8_06 5, 13, 1, 9, 10
5_23_00 2, 10, 14, 6, 11
1_9_02 4
7_4_22 12, 4, 8, 16, 1, 9, 13
1_24_00 6
5_15_00 4, 12, 16, 8, 9
3_29_02 5, 13, 1
3_25_14 10, 2, 6
2_30_22 11, 3
5_3_14 8, 16, 4, 12, 1
7_16_16 12, 4, 8, 16, 13, 5, 9
7_22_04 4, 12, 16, 8, 1, 9, 13
2_29_00 4,12
2_30_12 6, 14
8_21_06 5, 13, 1, 9, 6, 14, 2, 10
5_8_00 2, 10, 14, 6, 7
2_30_14 7, 15
1_1_10 6
6_27_22 14, 6, 10, 2, 15, 7
2_9_12 9, 1
2_14_12 6, 14
3_2_18 6, 14, 2
5_27_00 3, 11, 15, 7, 12
3_2_00 13, 5, 9
4_13_12 10, 2, 6, 14
4_20_00 1, 9, 13, 5
4_22_06 5, 13, 1, 9
3_4_14 4, 12, 8
3_28_18 8, 16, 12
5_18_02 2, 10, 14, 6, 15
4_17_14 8, 16, 4, 12
7_30_16 12, 4, 8, 16, 5, 13, 1
4_23_22 13, 5, 9, 1
6_3_00 1, 9, 13, 5, 2, 10
3_22_20 8, 16, 4
4_18_04 3, 11, 15, 7
2_14_20 10, 2
1_30_16 8
6_11_20 13, 5, 9, 1, 14, 6
8_20_12 7, 15, 3, 11, 8, 16, 4, 12
3_20_00 13, 5, 1
8_30_20 14, 6, 10, 2, 11, 3, 7, 15
8_11_14 10, 2, 6, 14, 11, 3, 7, 15
8_26_02 4, 12, 16, 8, 5, 13, 1, 9
8_22_18 11, 3, 7, 15, 12, 4, 8, 16
4_30_02 5, 13, 1, 9
2_21_10 7, 15
3_12_20 9, 1, 13
8_30_00 4, 12, 16, 8, 1, 9, 13, 5
6_15_16 12, 4, 8, 16, 9, 1
5_9_06 6, 14, 2, 10, 7
1_5_10 7
1_24_06 9
1_19_22 4
5_27_14 10, 2, 6, 14, 3
3_24_16 6, 14, 10
7_28_12 9, 1, 5, 13, 14, 6, 10
4_2_04 3, 11, 15, 7
5_7_06 5, 13, 1, 9, 14
7_31_14 11, 3, 7, 15, 16, 8, 12
7_14_10 9, 1, 5, 13, 2, 10, 14
6_13_00 4, 12, 16, 8, 1, 9
4_2_06 4, 12, 16, 8
8_21_22 13, 5, 9, 1, 14, 6, 10, 2
7_19_20 11, 3, 7, 15, 4, 12, 16
2_10_04 1, 9
1_28_20 1
6_24_12 8, 16, 4, 12, 5, 13
6_23_12 8, 16, 4, 12, 9, 1
2_3_08 5, 13
4_26_22 14, 6, 10, 2
8_26_10 8, 16, 4, 12, 9, 1, 5, 13
3_11_08 7, 15, 11
4_9_06 6, 14, 2, 10
4_14_10 9, 1, 5, 13
4_1_10 6, 14, 2, 10
7_26_04 5, 13, 1, 9, 2, 10, 14
7_11_06 6, 14, 2, 10, 15, 7, 11
8_19_18 10, 2, 6, 14, 11, 3, 7, 15
8_5_12 8, 16, 4, 12, 9, 1, 5, 13
2_26_10 4, 12
6_6_08 6, 14, 2, 10, 3, 11
7_23_14 9, 1, 5, 13, 2, 10, 14
8_15_00 4, 12, 16, 8, 1, 9, 13, 5
5_30_10 9, 1, 5, 13, 2
2_31_02 5, 13
8_4_00 1, 9, 13, 5, 2, 10, 14, 6
4_29_22 15, 7, 11, 3
8_27_20 13, 5, 9, 1, 14, 6, 10, 2
3_7_08 6, 14, 10
6_7_06 5, 13, 1, 9, 6, 14
8_7_08 6, 14, 2, 10, 7, 15, 3, 11
7_5_20 12, 4, 8, 16, 13, 5, 9
8_28_06 6, 14, 2, 10, 7, 15, 3, 11
5_26_22 14, 6, 10, 2, 11
2_29_12 10, 2
8_20_02 2, 10, 14, 6, 3, 11, 15, 7
7_11_00 3, 11, 15, 7, 12, 4, 8
6_1_16 9, 1, 5, 13, 10, 2
7_13_08 8, 16, 4, 12, 5, 13, 1
3_1_18 10, 2, 6
3_19_18 10, 2, 14
3_30_20 10, 2, 6
6_26_10 8, 16, 4, 12, 5, 13
6_27_00 3, 11, 15, 7, 4, 12
2_22_08 2, 10
6_31_06 7, 15, 3, 11, 4, 12
2_28_22 10, 2
1_8_14 13
7_10_02 4, 12, 16, 8, 1, 9, 13
2_8_04 16, 8
1_27_14 2
3_24_14 5, 13, 9
6_5_10 7, 15, 3, 11, 8, 16
2_17_20 11, 3
4_21_04 4, 12, 16, 8
1_15_06 15
3_17_08 5, 13, 1
8_4_02 2, 10, 14, 6, 3, 11, 15, 7
6_19_12 7, 15, 3, 11, 8, 16
3_23_16 10, 2, 14
4_2_10 6, 14, 2, 10
5_10_02 4, 12, 16, 8, 1
2_19_04 3, 11
8_11_10 8, 16, 4, 12, 9, 1, 5, 13
7_15_20 14, 6, 10, 2, 3, 11, 15
1_30_02 1
7_3_12 7, 15, 3, 11, 16, 8, 12
7_27_02 4, 12, 16, 8, 13, 5, 9
4_26_12 9, 1, 5, 13
3_2_20 7, 15, 3
8_5_10 7, 15, 3, 11, 8, 16, 4, 12
6_31_02 5, 13, 1, 9, 2, 10
1_29_04 6
6_24_14 9, 1, 5, 13, 6, 14
7_15_08 8, 16, 4, 12, 13, 5, 9
2_7_08 6, 14
2_12_00 15, 7
1_15_00 12
5_28_04 5, 13, 1, 9, 10
1_14_14 7
1_26_16 7
4_6_22 13, 5, 9, 1
5_10_18 12, 4, 8, 16, 9
8_1_10 6, 14, 2, 10, 7, 15, 3, 11
6_9_00 3, 11, 15, 7, 4, 12
1_10_18 8
6_22_04 4, 12, 16, 8, 1, 9
1_29_08 8
2_13_04 6, 14
1_2_22 8
2_23_08 6, 14
8_31_10 9, 1, 5, 13, 6, 14, 2, 10
3_8_06 1, 9, 5
7_14_16 12, 4, 8, 16, 5, 13, 1
8_24_06 5, 13, 1, 9, 6, 14, 2, 10
8_16_08 8, 16, 4, 12, 5, 13, 1, 9
1_20_04 7
4_6_08 6, 14, 2, 10
8_30_22 15, 7, 11, 3, 12, 4, 8, 16
3_10_08 3, 11, 15
2_5_12 8, 16
4_16_22 15, 7, 11, 3
4_30_04 6, 14, 2, 10
8_8_14 9, 1, 5, 13, 10, 2, 6, 14
7_3_14 8, 16, 4, 12, 1, 9, 13
2_23_14 9, 1
1_6_04 16
5_3_20 11, 3, 7, 15, 4
1_27_00 11
2_5_14 9, 1
4_25_18 12, 4, 8, 16
6_30_06 7, 15, 3, 11, 16, 8
4_17_10 6, 14, 2, 10
7_3_08 5, 13, 1, 9, 14, 6, 10
6_10_02 4, 12, 16, 8, 1, 9
3_24_22 9, 1, 13
8_24_14 9, 1, 5, 13, 10, 2, 6, 14
7_7_22 13, 5, 9, 1, 6, 14, 2
5_4_22 12, 4, 8, 16, 1
6_24_10 7, 15, 3, 11, 4, 12
1_28_10 12
7_21_02 3, 11, 15, 7, 4, 12, 16
6_5_00 2, 10, 14, 6, 3, 11
5_3_10 6, 14, 2, 10, 15
5_2_22 12, 4, 8, 16, 9
5_30_02 5, 13, 1, 9, 14
2_24_22 9, 1
4_17_12 7, 15, 3, 11
5_20_10 6, 14, 2, 10, 11
7_25_12 9, 1, 5, 13, 10, 2, 6
7_28_02 4, 12, 16, 8, 9, 1, 5
7_7_04 4, 12, 16, 8, 13, 5, 9
8_8_16 10, 2, 6, 14, 11, 3, 7, 15
5_21_06 5, 13, 1, 9, 6
5_7_20 12, 4, 8, 16, 5
3_27_16 11, 3, 15
5_6_00 2, 10, 14, 6, 15
2_28_04 1, 9
4_28_06 6, 14, 2, 10
5_27_12 9, 1, 5, 13, 2
2_23_20 12, 4
4_5_16 10, 2, 6, 14
4_9_16 11, 3, 7, 15
5_15_08 8, 16, 4, 12, 13
3_16_02 1, 9, 5
1_21_22 13
7_21_12 8, 16, 4, 12, 9, 1, 5
1_23_02 11
4_14_04 6, 14, 2, 10
8_23_14 9, 1, 5, 13, 10, 2, 6, 14
5_2_16 9, 1, 5, 13, 6
6_21_02 3, 11, 15, 7, 4, 12
5_20_20 11, 3, 7, 15, 16
7_1_08 5, 13, 1, 9, 6, 14, 2
8_11_00 3, 11, 15, 7, 4, 12, 16, 8
7_13_14 11, 3, 7, 15, 8, 16, 4
4_2_20 11, 3, 7, 15
2_3_14 8, 16
3_18_16 5, 13, 1
8_23_20 12, 4, 8, 16, 13, 5, 9, 1
7_27_00 3, 11, 15, 7, 12, 4, 8
4_18_12 7, 15, 3, 11
6_14_16 12, 4, 8, 16, 5, 13
3_21_08 6, 14, 2
7_8_12 8, 16, 4, 12, 13, 5, 9
8_9_10 8, 16, 4, 12, 9, 1, 5, 13
1_13_14 11
7_15_14 11, 3, 7, 15, 16, 8, 12
1_31_18 5
4_26_16 11, 3, 7, 15
4_5_04 4, 12, 16, 8
1_13_06 7
7_15_16 12, 4, 8, 16, 1, 9, 13
5_12_08 7, 15, 3, 11, 12
6_15_00 4, 12, 16, 8, 1, 9
3_28_00 15, 7, 3
6_8_04 4, 12, 16, 8, 1, 9
8_14_10 9, 1, 5, 13, 6, 14, 2, 10
8_6_08 6, 14, 2, 10, 7, 15, 3, 11
8_21_04 4, 12, 16, 8, 5, 13, 1, 9
3_14_08 4, 12, 16
6_2_20 11, 3, 7, 15, 8, 16
5_14_16 12, 4, 8, 16, 5
1_8_10 11
5_28_02 4, 12, 16, 8, 9
5_11_22 14, 6, 10, 2, 7
8_23_04 4, 12, 16, 8, 5, 13, 1, 9
6_13_16 12, 4, 8, 16, 9, 1
4_24_12 8, 16, 4, 12
4_23_06 5, 13, 1, 9
2_18_02 14, 6
1_20_16 13
8_22_06 5, 13, 1, 9, 6, 14, 2, 10
7_28_14 10, 2, 6, 14, 15, 7, 11
4_25_12 9, 1, 5, 13
1_11_10 16
8_22_14 9, 1, 5, 13, 10, 2, 6, 14
8_19_02 2, 10, 14, 6, 3, 11, 15, 7
1_22_02 15
7_30_08 8, 16, 4, 12, 1, 9, 13
4_17_04 3, 11, 15, 7
1_26_14 6
1_21_20 12
3_8_12 4, 12, 8
1_21_12 8
4_12_08 7, 15, 3, 11
6_23_16 10, 2, 6, 14, 11, 3
8_29_08 8, 16, 4, 12, 5, 13, 1, 9
4_17_16 9, 1, 5, 13
5_5_12 8, 16, 4, 12, 9
7_12_18 12, 4, 8, 16, 1, 9, 13
7_9_10 8, 16, 4, 12, 9, 1, 5
7_20_06 4, 12, 16, 8, 9, 1, 5
3_31_12 10, 2, 14
2_5_16 10, 2
6_16_14 11, 3, 7, 15, 4, 12
7_16_10 9, 1, 5, 13, 10, 2, 6
8_7_10 7, 15, 3, 11, 8, 16, 4, 12
8_22_16 10, 2, 6, 14, 11, 3, 7, 15
8_15_04 6, 14, 2, 10, 3, 11, 15, 7
1_10_06 2
3_23_10 7, 15, 11
3_12_00 15, 7, 3
2_29_08 8, 16
5_19_22 12, 4, 8, 16, 5
6_4_02 2, 10, 14, 6, 15, 7
8_30_14 11, 3, 7, 15, 8, 16, 4, 12
1_14_06 3
5_24_18 11, 3, 7, 15, 16
7_11_04 5, 13, 1, 9, 14, 6, 10
1_1_02 2
