5_10_08 7, 15, 3, 11, 4
7_24_20 12, 4, 8, 16, 1, 9, 13
2_28_06 2, 10
2_9_16 11, 3
6_1_06 4, 12, 16, 8, 5, 13
1_1_16 9
8_12_12 9, 1, 5, 13, 10, 2, 6, 14
7_27_12 9, 1, 5, 13, 2, 10, 14
5_1_06 4, 12, 16, 8, 5
4_7_00 2, 10, 14, 6
7_25_20 13, 5, 9, 1, 14, 6, 10
1_19_06 12
1_26_14 6
7_6_16 10, 2, 6, 14, 7, 15, 3
6_17_22 12, 4, 8, 16, 13, 5
6_29_08 8, 16, 4, 12, 5, 13
3_19_04 3, 11, 7
1_18_02 14
6_24_04 4, 12, 16, 8, 1, 9
2_2_04 15, 7
3_10_18 8, 16, 4
7_6_22 13, 5, 9, 1, 10, 2, 6
2_20_10 2, 10
6_5_00 2, 10, 14, 6, 3, 11
2_7_18 11, 3
1_5_02 3
1_10_02 16
3_10_02 16, 8, 12
1_4_08 9
8_18_20 11, 3, 7, 15, 12, 4, 8, 16
7_29_04 6, 14, 2, 10, 3, 11, 15
6_17_06 4, 12, 16, 8, 5, 13
2_5_20 12, 4
5_5_10 7, 15, 3, 11, 8
4_13_08 8, 16, 4, 12
2_17_06 4, 12
8_22_14 9, 1, 5, 13, 10, 2, 6, 14
6_9_20 13, 5, 9, 1, 14, 6
4_8_06 5, 13, 1, 9
7_6_04 4, 12, 16, 8, 1, 9, 13
5_12_04 5, 13, 1, 9, 10
7_7_00 2, 10, 14, 6, 11, 3, 7
6_13_20 14, 6, 10, 2, 11, 3
8_18_16 9, 1, 5, 13, 10, 2, 6, 14
4_26_14 10, 2, 6, 14
8_5_18 11, 3, 7, 15, 12, 4, 8, 16
3_6_14 5, 13, 1
1_16_22 3
6_10_14 10, 2, 6, 14, 7, 15
6_16_14 11, 3, 7, 15, 4, 12
2_16_20 10, 2
4_2_08 5, 13, 1, 9
6_28_02 4, 12, 16, 8, 1, 9
8_17_14 8, 16, 4, 12, 9, 1, 5, 13
8_2_16 9, 1, 5, 13, 10, 2, 6, 14
5_10_10 8, 16, 4, 12, 5
7_31_14 11, 3, 7, 15, 16, 8, 12
4_9_06 6, 14, 2, 10
4_17_08 5, 13, 1, 9
7_10_04 5, 13, 1, 9, 2, 10, 14
5_18_18 10, 2, 6, 14, 7
7_26_16 11, 3, 7, 15, 8, 16, 4
5_14_04 6, 14, 2, 10, 15
1_6_20 8
4_15_18 13, 5, 9, 1
4_24_12 8, 16, 4, 12
6_26_02 4, 12, 16, 8, 1, 9
1_30_02 1
5_11_20 13, 5, 9, 1, 6
2_30_22 11, 3
4_6_04 4, 12, 16, 8
1_28_14 14
3_8_06 1, 9, 5
2_29_16 12, 4
7_28_00 3, 11, 15, 7, 8, 16, 4
5_3_04 3, 11, 15, 7, 12
7_14_02 5, 13, 1, 9, 14, 6, 10
1_29_22 15
7_28_04 5, 13, 1, 9, 10, 2, 6
6_21_22 13, 5, 9, 1, 14, 6
7_3_00 1, 9, 13, 5, 10, 2, 6
4_29_18 13, 5, 9, 1
2_8_14 5, 13
2_23_02 3, 11
3_17_14 8, 16, 4
4_31_00 4,12, 16, 8
2_7_14 9, 1
3_26_18 8, 16, 4
1_24_22 1
6_7_06 5, 13, 1, 9, 6, 14
4_1_22 12, 4, 8, 16
1_17_00 1
4_6_14 9, 1, 5, 13
6_15_22 15, 7, 11, 3, 12, 4
2_31_12 10, 2
8_28_04 5, 13, 1, 9, 6, 14, 2, 10
3_30_18 9, 1, 5
6_27_14 10, 2, 6, 14, 11, 3
1_23_08 14
4_29_04 6, 14, 2, 10
7_29_22 15, 7, 11, 3, 12, 4, 8
2_14_00 16, 8
2_29_22 15, 7
2_14_14 7, 15
1_1_22 12
3_11_06 6, 14, 10
1_4_00 5
6_16_04 6, 14, 2, 10, 15, 7
6_10_22 14, 6, 10, 2, 11, 3
1_17_16 9
3_22_04 16, 8, 12
3_14_06 3, 11, 15
7_9_20 13, 5, 9, 1, 14, 6, 10
7_2_10 6, 14, 2, 10, 3, 11, 15
2_10_02 16, 8
8_28_02 4, 12, 16, 8, 5, 13, 1, 9
7_25_18 12, 4, 8, 16, 13, 5, 9
8_28_12 9, 1, 5, 13, 10, 2, 6, 14
1_6_02 15
5_18_22 12, 4, 8, 16, 9
1_6_22 9
4_29_22 15, 7, 11, 3
3_28_14 6, 14, 10
8_21_16 10, 2, 6, 14, 11, 3, 7, 15
5_16_02 5, 13, 1, 9, 6
6_31_16 12, 4, 8, 16, 9, 1
4_19_16 9, 1, 5, 13
1_18_04 15
7_18_14 8, 16, 4, 12, 5, 13, 1
5_22_12 8, 16, 4, 12, 5
5_12_12 9, 1, 5, 13, 14
8_8_00 2, 10, 14, 6, 3, 11, 15, 7
4_17_20 11, 3, 7, 15
3_19_18 10, 2, 14
4_1_12 7, 15, 3, 11
5_18_20 11, 3, 7, 15, 8
4_15_04 6, 14, 2, 10
6_12_18 12, 4, 8, 16, 9, 1
4_25_14 10, 2, 6, 14
6_21_16 10, 2, 6, 14, 11, 3
7_17_06 4, 12, 16, 8, 5, 13, 1
7_10_10 8, 16, 4, 12, 5, 13, 1
5_20_00 1, 9, 13, 5, 6
8_4_14 8, 16, 4, 12, 9, 1, 5, 13
2_31_02 5, 13
8_24_06 5, 13, 1, 9, 6, 14, 2, 10
5_18_00 1, 9, 13, 5, 14
2_8_16 6, 14
3_26_02 16, 8, 12
3_11_04 5, 13, 9
3_4_14 4, 12, 8
5_20_12 7, 15, 3, 11, 12
5_27_20 13, 5, 9, 1, 6
6_4_20 11, 3, 7, 15, 8, 16
4_15_14 11, 3, 7, 15
7_19_08 5, 13, 1, 9, 14, 6, 10
4_31_16 12, 4, 8, 16
7_5_02 3, 11, 15, 7, 4, 12, 16
7_14_14 11, 3, 7, 15, 4, 12, 16
8_1_02 2, 10, 14, 6, 3, 11, 15, 7
6_26_14 10, 2, 6, 14, 7, 15
2_21_20 12, 4
5_5_16 10, 2, 6, 14, 11
7_22_10 7, 15, 3, 11, 4, 12, 16
5_1_10 6, 14, 2, 10, 7
6_11_14 10, 2, 6, 14, 11, 3
2_18_04 15, 7
1_8_16 14
8_7_14 9, 1, 5, 13, 10, 2, 6, 14
1_9_02 4
5_27_00 3, 11, 15, 7, 12
2_25_06 6, 14
7_4_02 2, 10, 14, 6, 7, 15, 3
3_10_10 4, 12, 16
7_19_16 9, 1, 5, 13, 2, 10, 14
4_8_20 12, 4, 8, 16
8_15_04 6, 14, 2, 10, 3, 11, 15, 7
6_24_16 10, 2, 6, 14, 7, 15
7_10_14 10, 2, 6, 14, 7, 15, 3
2_18_06 16, 8
3_12_06 2, 10, 6
8_21_08 6, 14, 2, 10, 7, 15, 3, 11
6_4_12 7, 15, 3, 11, 4, 12
3_14_20 10, 2, 6
1_30_16 8
4_27_14 10, 2, 6, 14
4_24_18 11, 3, 7, 15
6_16_08 8, 16, 4, 12, 1, 9
2_17_22 12, 4
2_13_10 9, 1
5_6_06 5, 13, 1, 9, 2
3_14_18 9, 1, 5
4_18_02 2, 10, 14, 6
4_6_18 11, 3, 7, 15
3_31_16 12, 4, 16
5_21_20 12, 4, 8, 16, 13
7_10_22 14, 6, 10, 2, 11, 3, 7
4_18_16 9, 1, 5, 13
5_26_00 3, 11, 15, 7, 16
2_28_00 15, 7
7_3_12 7, 15, 3, 11, 16, 8, 12
8_20_04 3, 11, 15, 7, 4, 12, 16, 8
5_26_20 13, 5, 9, 1, 10
8_9_02 4, 12, 16, 8, 5, 13, 1, 9
7_9_08 7, 15, 3, 11, 8, 16, 4
2_20_06 16, 8
8_31_22 15, 7, 11, 3, 12, 4, 8, 16
4_5_22 13, 5, 9, 1
6_16_00 4, 12, 16, 8, 13, 5
5_7_14 9, 1, 5, 13, 2
1_25_22 14
7_4_04 3, 11, 15, 7, 8, 16, 4
7_23_00 2, 10, 14, 6, 11, 3, 7
8_14_18 13, 5, 9, 1, 10, 2, 6, 14
6_30_12 10, 2, 6, 14, 3, 11
7_9_02 4, 12, 16, 8, 5, 13, 1
6_2_18 10, 2, 6, 14, 7, 15
3_5_22 13, 5, 9
3_4_08 1, 9, 5
3_14_12 6, 14, 2
1_6_14 5
8_26_04 5, 13, 1, 9, 6, 14, 2, 10
6_25_16 11, 3, 7, 15, 12, 4
4_12_18 12, 4, 8, 16
3_3_08 5, 13, 9
1_24_06 9
7_3_18 10, 2, 6, 14, 3, 11, 15
2_19_14 8, 16
6_13_02 5, 13, 1, 9, 2, 10
8_5_10 7, 15, 3, 11, 8, 16, 4, 12
7_12_12 9, 1, 5, 13, 14, 6, 10
1_8_18 15
3_4_16 5, 13, 9
8_11_22 14, 6, 10, 2, 15, 7, 11, 3
2_9_18 12, 4
5_17_12 7, 15, 3, 11, 8
5_3_14 8, 16, 4, 12, 1
7_12_14 10, 2, 6, 14, 15, 7, 11
2_11_22 14, 6
7_29_20 14, 6, 10, 2, 11, 3, 7
5_16_14 11, 3, 7, 15, 12
1_21_00 2
4_6_12 8, 16, 4, 12
4_2_22 12, 4, 8, 16
7_27_16 11, 3, 7, 15, 4, 12, 16
4_8_00 2, 10, 14, 6
8_2_14 8, 16, 4, 12, 9, 1, 5, 13
2_12_12 5, 13
2_26_06 2, 10
6_3_08 5, 13, 1, 9, 6, 14
5_22_22 13, 5, 9, 1, 10
6_21_18 11, 3, 7, 15, 12, 4
3_13_16 12, 4, 8
8_22_12 8, 16, 4, 12, 9, 1, 5, 13
1_30_00 16
1_7_00 10
4_13_02 5, 13, 1, 9
4_29_00 4,12, 16, 8
2_3_08 5, 13
2_22_08 2, 10
3_28_04 1, 9, 5
1_30_22 11
8_6_02 3, 11, 15, 7, 4, 12, 16, 8
3_18_20 7, 15, 3
8_19_02 2, 10, 14, 6, 3, 11, 15, 7
7_17_08 5, 13, 1, 9, 6, 14, 2
1_20_12 11
3_21_14 9, 1, 5
5_10_12 9, 1, 5, 13, 6
1_21_08 6
5_27_08 7, 15, 3, 11, 16
3_12_04 1, 9, 5
2_21_06 5, 13
4_21_04 4, 12, 16, 8
1_9_10 8
8_22_20 12, 4, 8, 16, 13, 5, 9, 1
8_5_00 2, 10, 14, 6, 3, 11, 15, 7
7_11_16 11, 3, 7, 15, 4, 12, 16
5_10_18 12, 4, 8, 16, 9
2_28_04 1, 9
5_17_22 12, 4, 8, 16, 13
5_25_16 11, 3, 7, 15, 12
4_3_02 2, 10, 14, 6
2_18_22 8, 16
4_11_00 3, 11, 15, 7
6_23_06 5, 13, 1, 9, 6, 14
8_17_10 6, 14, 2, 10, 7, 15, 3, 11
6_7_12 8, 16, 4, 12, 9, 1
7_20_20 11, 3, 7, 15, 16, 8, 12
8_17_08 5, 13, 1, 9, 6, 14, 2, 10
6_28_22 14, 6, 10, 2, 11, 3
3_5_02 3, 11, 15
4_29_06 7, 15, 3, 11
7_22_20 12, 4, 8, 16, 9, 1, 5
2_13_20 14, 6
8_14_16 12, 4, 8, 16, 9, 1, 5, 13
2_24_04 16, 8
3_18_08 1, 9, 13
4_10_18 12, 4, 8, 16
7_3_10 6, 14, 2, 10, 15, 7, 11
5_25_18 12, 4, 8, 16, 13
8_13_02 5, 13, 1, 9, 2, 10, 14, 6
2_30_18 9, 1
7_31_16 12, 4, 8, 16, 1, 9, 13
8_24_10 7, 15, 3, 11, 8, 16, 4, 12
5_5_04 4, 12, 16, 8, 5
3_31_02 5, 13, 9
8_19_10 6, 14, 2, 10, 7, 15, 3, 11
3_20_20 7, 15, 11
8_3_14 8, 16, 4, 12, 9, 1, 5, 13
7_12_08 7, 15, 3, 11, 12, 4, 8
6_21_12 8, 16, 4, 12, 9, 1
6_13_08 8, 16, 4, 12, 5, 13
8_20_00 1, 9, 13, 5, 2, 10, 14, 6
6_25_18 12, 4, 8, 16, 13, 5
2_6_14 5, 13
1_19_20 3
4_25_20 13, 5, 9, 1
3_14_02 1, 9, 13
8_23_20 12, 4, 8, 16, 13, 5, 9, 1
6_22_22 13, 5, 9, 1, 10, 2
1_19_18 2
5_9_20 13, 5, 9, 1, 14
5_22_04 4, 12, 16, 8, 1
8_31_16 12, 4, 8, 16, 9, 1, 5, 13
8_13_16 12, 4, 8, 16, 9, 1, 5, 13
6_3_22 12, 4, 8, 16, 13, 5
8_16_20 14, 6, 10, 2, 11, 3, 7, 15
3_26_20 9, 1, 5
2_26_04 1, 9
2_13_08 8, 16
5_3_12 7, 15, 3, 11, 16
1_26_12 5
6_17_04 3, 11, 15, 7, 4, 12
5_21_10 7, 15, 3, 11, 8
4_19_18 10, 2, 6, 14
7_16_22 15, 7, 11, 3, 16, 8, 12
6_6_14 9, 1, 5, 13, 6, 14
3_28_12 5, 13, 9
8_30_20 14, 6, 10, 2, 11, 3, 7, 15
3_17_22 12, 4, 8
1_12_08 11
2_18_10 2, 10
3_30_10 5, 13, 1
2_24_08 2, 10
3_16_14 7, 15, 11
5_11_00 3, 11, 15, 7, 12
5_22_06 5, 13, 1, 9, 2
5_7_20 12, 4, 8, 16, 5
8_6_00 2, 10, 14, 6, 3, 11, 15, 7
2_18_18 6, 14
1_19_02 10
3_25_10 8, 16, 4
2_16_16 8, 16
2_20_16 5, 13
2_21_02 3, 11
5_14_18 13, 5, 9, 1, 6
2_23_20 12, 4
4_24_00 2, 10, 14, 6
3_2_12 3, 11, 15
3_29_16 12, 4, 8
4_25_12 9, 1, 5, 13
1_7_10 15
6_20_14 8, 16, 4, 12, 5, 13
1_17_14 8
6_22_18 11, 3, 7, 15, 8, 16
2_26_00 15, 7
1_23_14 1
1_12_18 16
5_29_16 12, 4, 8, 16, 9
4_18_14 8, 16, 4, 12
6_17_14 8, 16, 4, 12, 9, 1
2_28_18 8, 16
6_6_18 11, 3, 7, 15, 8, 16
3_22_08 2, 10, 14
1_10_06 2
5_11_06 6, 14, 2, 10, 15
4_3_16 9, 1, 5, 13
6_29_10 9, 1, 5, 13, 6, 14
3_14_16 8, 16, 4
1_2_10 2
3_3_06 4, 12, 8
3_8_18 7, 15, 11
5_2_22 12, 4, 8, 16, 9
6_18_18 10, 2, 6, 14, 7, 15
6_8_08 6, 14, 2, 10, 3, 11
2_28_22 10, 2
8_12_02 4, 12, 16, 8, 5, 13, 1, 9
4_25_06 6, 14, 2, 10
2_9_22 14, 6
6_20_00 1, 9, 13, 5, 14, 6
3_17_04 3, 11, 15
1_2_04 15
6_11_02 4, 12, 16, 8, 5, 13
7_26_10 8, 16, 4, 12, 5, 13, 1
3_28_06 2, 10, 6
5_18_08 5, 13, 1, 9, 2
8_27_08 7, 15, 3, 11, 8, 16, 4, 12
2_13_18 13, 5
2_24_16 6, 14
3_9_12 9, 1, 5
8_22_16 10, 2, 6, 14, 11, 3, 7, 15
5_12_10 8, 16, 4, 12, 13
1_28_12 13
8_17_00 1, 9, 13, 5, 2, 10, 14, 6
1_12_10 12
5_14_10 9, 1, 5, 13, 2
8_15_12 10, 2, 6, 14, 7, 15, 3, 11
8_9_22 14, 6, 10, 2, 15, 7, 11, 3
4_8_08 6, 14, 2, 10
5_28_18 12, 4, 8, 16, 1
2_7_20 12, 4
1_2_00 13
8_25_18 12, 4, 8, 16, 13, 5, 9, 1
7_30_06 7, 15, 3, 11, 16, 8, 12
8_1_22 12, 4, 8, 16, 13, 5, 9, 1
5_15_04 6, 14, 2, 10, 11
6_14_20 14, 6, 10, 2, 7, 15
6_10_20 13, 5, 9, 1, 10, 2
2_2_16 5, 13
5_8_08 6, 14, 2, 10, 11
7_9_12 9, 1, 5, 13, 10, 2, 6
5_6_12 8, 16, 4, 12, 5
7_15_04 6, 14, 2, 10, 11, 3, 7
3_8_20 8, 16, 12
4_20_10 6, 14, 2, 10
5_20_22 12, 4, 8, 16, 1
8_25_02 4, 12, 16, 8, 5, 13, 1, 9
7_21_20 12, 4, 8, 16, 13, 5, 9
4_14_12 10, 2, 6, 14
4_25_18 12, 4, 8, 16
8_5_02 3, 11, 15, 7, 4, 12, 16, 8
5_31_16 12, 4, 8, 16, 1
5_24_08 6, 14, 2, 10, 11
1_8_14 13
3_28_22 10, 2, 14
5_19_08 5, 13, 1, 9, 14
5_13_00 4, 12, 16, 8, 1
8_24_18 11, 3, 7, 15, 12, 4, 8, 16
2_9_00 3, 11
1_13_10 9
8_30_16 12, 4, 8, 16, 9, 1, 5, 13
7_19_06 4, 12, 16, 8, 13, 5, 9
4_18_22 12, 4, 8, 16
6_5_06 5, 13, 1, 9, 6, 14
8_25_08 7, 15, 3, 11, 8, 16, 4, 12
4_19_20 11, 3, 7, 15
5_25_06 6, 14, 2, 10, 7
6_26_20 13, 5, 9, 1, 10, 2
5_10_14 10, 2, 6, 14, 7
7_5_00 2, 10, 14, 6, 3, 11, 15
5_24_20 12, 4, 8, 16, 1
1_7_06 13
4_14_00 4,12, 16, 8
5_9_06 6, 14, 2, 10, 7
3_17_20 11, 3, 7
3_17_12 7, 15, 3
3_10_06 2, 10, 14
3_17_18 10, 2, 6
6_1_00 1, 9, 13, 5, 2, 10
1_23_06 13
4_4_16 9, 1, 5, 13
2_18_12 3, 11
2_27_20 13, 5
4_26_22 14, 6, 10, 2
5_14_12 10, 2, 6, 14, 3
3_30_04 2, 10, 14
6_1_16 9, 1, 5, 13, 10, 2
2_29_06 7, 15
2_12_10 4, 12
7_4_16 9, 1, 5, 13, 14, 6, 10
2_11_04 5, 13
2_29_08 8, 16
5_4_02 2, 10, 14, 6, 7
3_6_02 15, 7, 11
5_17_06 4, 12, 16, 8, 5
3_21_16 10, 2, 6
3_2_18 6, 14, 2
7_27_10 8, 16, 4, 12, 1, 9, 13
8_18_22 12, 4, 8, 16, 13, 5, 9, 1
6_8_14 9, 1, 5, 13, 6, 14
5_13_10 9, 1, 5, 13, 6
3_2_08 1, 9, 13
4_3_22 12, 4, 8, 16
3_30_12 6, 14, 2
6_5_02 3, 11, 15, 7, 4, 12
8_23_18 11, 3, 7, 15, 12, 4, 8, 16
1_8_04 8
6_4_18 10, 2, 6, 14, 7, 15
2_6_10 3, 11
2_19_00 1, 9
4_7_20 12, 4, 8, 16
4_26_16 11, 3, 7, 15
4_9_04 5, 13, 1, 9
8_1_06 4, 12, 16, 8, 5, 13, 1, 9
6_4_06 4, 12, 16, 8, 1, 9
4_26_04 5, 13, 1, 9
7_6_12 8, 16, 4, 12, 5, 13, 1
4_3_18 10, 2, 6, 14
2_2_12 3, 11
2_17_14 8, 16
6_24_00 2, 10, 14, 6, 15, 7
6_6_06 5, 13, 1, 9, 2, 10
8_5_22 13, 5, 9, 1, 14, 6, 10, 2
6_1_10 6, 14, 2, 10, 7, 15
4_2_20 11, 3, 7, 15
7_14_20 14, 6, 10, 2, 7, 15, 3
3_30_20 10, 2, 6
8_30_08 8, 16, 4, 12, 5, 13, 1, 9
5_1_16 9, 1, 5, 13, 10
7_23_16 10, 2, 6, 14, 3, 11, 15
2_11_14 10, 2
7_19_00 1, 9, 13, 5, 10, 2, 6
8_6_20 12, 4, 8, 16, 13, 5, 9, 1
6_7_04 4, 12, 16, 8, 5, 13
3_11_14 10, 2, 14
4_22_08 6, 14, 2, 10
6_19_22 12, 4, 8, 16, 13, 5
5_16_12 10, 2, 6, 14, 11
8_20_06 4, 12, 16, 8, 5, 13, 1, 9
5_3_16 9, 1, 5, 13, 2
6_8_10 7, 15, 3, 11, 4, 12
6_9_04 5, 13, 1, 9, 6, 14
5_21_04 4, 12, 16, 8, 5
7_26_06 6, 14, 2, 10, 3, 11, 15
6_31_08 8, 16, 4, 12, 5, 13
5_21_18 11, 3, 7, 15, 12
5_31_02 5, 13, 1, 9, 10
4_25_08 7, 15, 3, 11
4_31_02 5, 13, 1, 9
5_18_12 7, 15, 3, 11, 4
1_20_18 14
4_17_22 12, 4, 8, 16
3_6_12 4, 12, 16
1_29_12 10
7_18_10 6, 14, 2, 10, 3, 11, 15
3_3_10 6, 14, 10
2_24_22 9, 1
3_26_16 7, 15, 3
6_7_14 9, 1, 5, 13, 10, 2
1_18_06 16
6_6_02 3, 11, 15, 7, 16, 8
5_31_14 11, 3, 7, 15, 16
7_15_18 13, 5, 9, 1, 2, 10, 14
8_11_06 6, 14, 2, 10, 7, 15, 3, 11
3_4_18 6, 14, 10
6_27_00 3, 11, 15, 7, 4, 12
6_29_12 10, 2, 6, 14, 7, 15
5_14_00 4, 12, 16, 8, 13
5_23_12 8, 16, 4, 12, 1
5_22_16 10, 2, 6, 14, 7
3_10_08 3, 11, 15
1_1_20 11
5_31_06 7, 15, 3, 11, 12
5_7_00 2, 10, 14, 6, 11
5_21_22 13, 5, 9, 1, 14
1_9_12 9
3_25_14 10, 2, 6
5_10_00 3, 11, 15, 7, 16
4_10_14 10, 2, 6, 14
6_11_12 9, 1, 5, 13, 10, 2
4_28_12 9, 1, 5, 13
2_16_18 9, 1
8_24_02 3, 11, 15, 7, 4, 12, 16, 8
4_5_08 6, 14, 2, 10
5_27_22 14, 6, 10, 2, 7
6_11_22 14, 6, 10, 2, 15, 7
8_3_02 2, 10, 14, 6, 3, 11, 15, 7
5_1_12 7, 15, 3, 11, 8
7_11_18 12, 4, 8, 16, 5, 13, 1
6_19_20 11, 3, 7, 15, 12, 4
8_9_06 6, 14, 2, 10, 7, 15, 3, 11
6_30_20 14, 6, 10, 2, 7, 15
8_30_06 7, 15, 3, 11, 4, 12, 16, 8
4_17_02 2, 10, 14, 6
5_4_20 11, 3, 7, 15, 16
2_10_10 4, 12
6_26_22 14, 6, 10, 2, 11, 3
4_27_20 13, 5, 9, 1
7_23_22 13, 5, 9, 1, 6, 14, 2
1_28_18 16
6_14_16 12, 4, 8, 16, 5, 13
3_22_14 5, 13, 1
1_19_14 16
4_17_14 8, 16, 4, 12
2_24_14 5, 13
1_18_18 6
4_24_16 10, 2, 6, 14
8_3_04 3, 11, 15, 7, 4, 12, 16, 8
3_24_22 9, 1, 13
8_24_22 13, 5, 9, 1, 14, 6, 10, 2
1_9_20 13
7_15_22 15, 7, 11, 3, 4, 12, 16
1_20_08 9
2_8_22 9, 1
6_15_06 7, 15, 3, 11, 4, 12
7_8_20 12, 4, 8, 16, 1, 9, 13
1_31_02 13
8_5_20 12, 4, 8, 16, 13, 5, 9, 1
6_19_18 10, 2, 6, 14, 11, 3
3_21_22 13, 5, 9
1_27_00 11
6_4_22 12, 4, 8, 16, 9, 1
1_1_02 2
6_1_02 2, 10, 14, 6, 3, 11
4_4_08 5, 13, 1, 9
7_17_10 6, 14, 2, 10, 7, 15, 3
4_15_08 8, 16, 12
4_10_10 8, 16, 4, 12
1_30_08 4
4_16_06 7, 15, 3, 11
1_16_16 16
7_20_12 7, 15, 3, 11, 12, 4, 8
7_18_22 12, 4, 8, 16, 9, 1, 5
6_13_12 10, 2, 6, 14, 7, 15
3_12_18 8, 16, 12
8_27_18 12, 4, 8, 16, 13, 5, 9, 1
4_23_04 4, 12, 16, 8
3_16_16 8, 16, 12
8_29_16 12, 4, 8, 16, 9, 1, 5, 13
7_18_12 7, 15, 3, 11, 4, 12, 16
8_13_10 9, 1, 5, 13, 6, 14, 2, 10
2_24_02 15, 7
8_13_20 14, 6, 10, 2, 11, 3, 7, 15
2_9_14 10, 2
6_21_20 12, 4, 8, 16, 13, 5
7_18_06 4, 12, 16, 8, 1, 9, 13
8_10_14 10, 2, 6, 14, 11, 3, 7, 15
8_28_06 6, 14, 2, 10, 7, 15, 3, 11
7_25_08 7, 15, 3, 11, 8, 16, 4
8_16_22 15, 7, 11, 3, 12, 4, 8, 16
1_19_12 15
6_22_00 2, 10, 14, 6, 15, 7
8_20_18 10, 2, 6, 14, 11, 3, 7, 15
3_26_00 15, 7, 11
1_22_20 8
5_27_16 11, 3, 7, 15, 4
8_28_20 13, 5, 9, 1, 14, 6, 10, 2
4_12_20 13, 5, 9, 1
2_6_22 9, 1
8_26_02 4, 12, 16, 8, 5, 13, 1, 9
3_20_10 2, 10, 6
8_11_20 13, 5, 9, 1, 14, 6, 10, 2
7_7_08 6, 14, 2, 10, 15, 7, 11
1_3_10 14
3_19_22 12, 4, 16
1_8_20 16
4_12_22 14, 6, 10, 2
4_5_12 8, 16, 4, 12
5_10_20 13, 5, 9, 1, 10
3_24_20 8, 16, 12
1_9_22 14
4_4_14 8, 16, 4, 12
4_13_00 4,12, 16, 8
4_8_10 7, 15, 3, 11
3_3_16 9, 1, 13
3_11_08 7, 15, 11
3_31_20 14, 6, 2
6_18_12 7, 15, 3, 11, 4, 12
7_14_06 7, 15, 3, 11, 16, 8, 12
1_8_10 11
7_30_00 4, 12, 16, 8, 13, 5, 9
6_18_06 4, 12, 16, 8, 1, 9
1_29_04 6
7_29_00 4, 12, 16, 8, 1, 9, 13
5_9_08 7, 15, 3, 11, 8
1_25_10 8
3_15_10 9, 1, 13
7_18_04 3, 11, 15, 7, 16, 8, 12
1_24_04 8
1_11_06 14
8_29_06 7, 15, 3, 11, 4, 12, 16, 8
2_9_06 6, 14
4_1_08 5, 13, 1, 9
3_6_18 7, 15, 3
3_12_10 4, 12, 8
6_31_00 4, 12, 16, 8, 1, 9
3_21_06 5, 13, 1
3_7_14 9, 1, 13
7_11_22 14, 6, 10, 2, 7, 15, 3
2_6_06 1, 9
1_24_18 15
3_18_18 6, 14, 2
2_2_00 13, 5
8_2_10 6, 14, 2, 10, 7, 15, 3, 11
2_22_06 1, 9
8_6_06 5, 13, 1, 9, 6, 14, 2, 10
3_29_10 9, 1, 5
5_15_16 12, 4, 8, 16, 1
2_1_12 7, 15
5_7_12 8, 16, 4, 12, 1
1_2_12 3
8_4_04 3, 11, 15, 7, 4, 12, 16, 8
6_23_12 8, 16, 4, 12, 9, 1
4_6_22 13, 5, 9, 1
1_7_22 5
6_2_08 5, 13, 1, 9, 2, 10
3_22_16 6, 14, 2
4_21_06 5, 13, 1, 9
7_2_20 11, 3, 7, 15, 8, 16, 4
8_28_14 10, 2, 6, 14, 11, 3, 7, 15
8_28_22 14, 6, 10, 2, 15, 7, 11, 3
7_17_02 2, 10, 14, 6, 3, 11, 15
2_13_12 10, 2
2_19_04 3, 11
4_21_10 7, 15, 3, 11
3_24_02 15, 7, 3
2_4_10 2, 10
1_14_20 10
8_28_10 8, 16, 4, 12, 9, 1, 5, 13
2_7_02 3, 11
5_11_22 14, 6, 10, 2, 7
6_15_12 10, 2, 6, 14, 7, 15
2_3_12 7, 15
2_10_12 5, 13
2_25_00 3, 11
4_17_06 4, 12, 16, 8
5_5_18 11, 3, 7, 15, 12
3_29_08 8, 16, 4
3_1_02 2, 10, 14
2_4_16 5, 13
2_24_20 8, 16
3_23_10 7, 15, 11
3_6_16 6, 14, 2
4_4_20 11, 3, 7, 15
2_8_20 8, 16
2_13_22 15, 7
8_26_18 12, 4, 8, 16, 13, 5, 9, 1
4_27_12 9, 1, 5, 13
3_26_12 5, 13, 1
1_25_16 11
8_14_08 8, 16, 4, 12, 5, 13, 1, 9
7_22_22 13, 5, 9, 1, 10, 2, 6
5_8_14 9, 1, 5, 13, 14
3_27_00 3, 11, 7
3_13_18 13, 5, 9
1_22_06 1
6_19_16 9, 1, 5, 13, 10, 2
6_2_04 3, 11, 15, 7, 16, 8
8_6_18 11, 3, 7, 15, 12, 4, 8, 16
3_3_14 8, 16, 12
1_25_02 4
2_7_08 6, 14
5_11_18 12, 4, 8, 16, 5
7_11_06 6, 14, 2, 10, 15, 7, 11
5_21_00 2, 10, 14, 6, 3
6_10_00 3, 11, 15, 7, 16, 8
5_6_22 13, 5, 9, 1, 10
4_7_12 8, 16, 4, 12
6_28_12 9, 1, 5, 13, 6, 14
3_11_12 9, 1, 13
3_19_02 2, 10, 6
7_17_04 3, 11, 15, 7, 4, 12, 16
1_7_14 1
6_7_16 10, 2, 6, 14, 11, 3
8_19_08 5, 13, 1, 9, 6, 14, 2, 10
3_22_18 7, 15, 3
3_19_08 5, 13, 9
3_25_12 9, 1, 5
4_25_00 3, 11, 15, 7
1_4_10 10
5_14_22 15, 7, 11, 3, 8
3_5_16 10, 2, 6
4_22_16 10, 2, 6, 14
4_9_00 3, 11, 15, 7
4_17_00 1, 9, 13, 5
5_6_02 3, 11, 15, 7, 16
4_22_02 3, 11, 15, 7
6_8_16 10, 2, 6, 14, 7, 15
1_27_12 1
2_28_16 7, 15
5_16_16 12, 4, 8, 16, 13
2_13_06 7, 15
8_18_06 4, 12, 16, 8, 5, 13, 1, 9
2_7_16 10, 2
2_30_00 16, 8
6_2_14 8, 16, 4, 12, 5, 13
4_2_10 6, 14, 2, 10
7_12_02 4, 12, 16, 8, 9, 1, 5
6_1_14 8, 16, 4, 12, 9, 1
4_15_16 12, 4, 8, 16
2_23_00 2, 10
1_1_12 7
2_25_02 4, 12
6_30_08 8, 16, 4, 12, 1, 9
1_13_14 11
2_11_18 12, 4
1_1_14 8
2_21_10 7, 15
1_3_12 15
2_27_02 4, 12
8_12_18 12, 4, 8, 16, 13, 5, 9, 1
7_13_06 7, 15, 3, 11, 4, 12, 16
7_30_04 6, 14, 2, 10, 15, 7, 11
5_9_12 9, 1, 5, 13, 10
3_19_12 7, 15, 11
1_26_00 15
5_7_16 10, 2, 6, 14, 3
4_7_16 10, 2, 6, 14
2_15_12 10, 2
5_13_16 12, 4, 8, 16, 9
5_15_22 15, 7, 11, 3, 4
3_6_20 8, 16, 4
5_28_10 8, 16, 4, 12, 13
2_4_18 6, 14
7_25_00 3, 11, 15, 7, 4, 12, 16
2_21_08 6, 14
7_11_14 10, 2, 6, 14, 3, 11, 15
3_4_00 13, 5, 1
2_9_12 9, 1
3_25_08 7, 15, 3
4_14_18 13, 5, 9, 1
1_15_16 4
3_15_14 11, 3, 15
4_4_04 3, 11, 15, 7
8_12_14 10, 2, 6, 14, 11, 3, 7, 15
2_25_08 7, 15
1_2_16 5
6_5_14 9, 1, 5, 13, 10, 2
1_5_08 6
5_2_04 3, 11, 15, 7, 16
3_10_22 10, 2, 6
7_27_00 3, 11, 15, 7, 12, 4, 8
4_30_08 8, 16, 4, 12
1_15_02 13
6_1_04 3, 11, 15, 7, 4, 12
1_12_22 2
2_31_16 12, 4
3_5_10 7, 15, 3
1_17_04 3
5_13_08 8, 16, 4, 12, 5
7_29_12 10, 2, 6, 14, 7, 15, 3
4_3_14 8, 16, 4, 12
4_26_18 12, 4, 8, 16
6_9_16 11, 3, 7, 15, 12, 4
5_11_10 8, 16, 4, 12, 1
3_8_08 2, 10, 6
6_8_18 11, 3, 7, 15, 8, 16
3_13_06 7, 15, 3
8_16_18 13, 5, 9, 1, 10, 2, 6, 14
1_17_12 7
5_11_12 9, 1, 5, 13, 2
8_9_04 5, 13, 1, 9, 6, 14, 2, 10
2_16_06 3, 11
4_7_06 5, 13, 1, 9
7_6_10 7, 15, 3, 11, 4, 12, 16
7_31_10 9, 1, 5, 13, 14, 6, 10
3_12_00 15, 7, 3
8_18_10 6, 14, 2, 10, 7, 15, 3, 11
4_11_12 9, 1, 5, 13
5_19_14 8, 16, 4, 12, 1
6_26_16 11, 3, 7, 15, 8, 16
7_4_20 11, 3, 7, 15, 16, 8, 12
2_1_20 11, 3
6_3_04 3, 11, 15, 7, 4, 12
6_6_08 6, 14, 2, 10, 3, 11
1_28_10 12
1_31_20 6
7_19_22 12, 4, 8, 16, 5, 13, 1
6_27_18 12, 4, 8, 16, 13, 5
1_1_06 4
5_10_04 5, 13, 1, 9, 2
1_21_12 8
2_29_12 10, 2
5_14_20 14, 6, 10, 2, 7
2_3_06 4, 12
4_5_00 2, 10, 14, 6
4_11_04 5, 13, 1, 9
1_22_18 7
7_20_06 4, 12, 16, 8, 9, 1, 5
8_29_14 11, 3, 7, 15, 8, 16, 4, 12
1_17_02 2
7_13_08 8, 16, 4, 12, 5, 13, 1
8_31_18 13, 5, 9, 1, 10, 2, 6, 14
1_3_22 4
4_5_02 3, 11, 15, 7
3_23_18 11, 3, 15
5_25_20 13, 5, 9, 1, 14
5_29_22 15, 7, 11, 3, 12
2_25_14 10, 2
3_2_14 4, 12, 16
1_21_14 9
4_28_10 8, 16, 4, 12
5_28_22 14, 6, 10, 2, 3
4_20_14 8, 16, 4, 12
5_21_08 6, 14, 2, 10, 7
7_26_08 7, 15, 3, 11, 4, 12, 16
6_14_18 13, 5, 9, 1, 6, 14
1_3_18 2
6_28_08 7, 15, 3, 11, 4, 12
4_5_18 11, 3, 7, 15
8_30_00 4, 12, 16, 8, 1, 9, 13, 5
7_9_00 3, 11, 15, 7, 4, 12, 16
5_8_00 2, 10, 14, 6, 7
5_25_14 10, 2, 6, 14, 11
8_8_18 11, 3, 7, 15, 12, 4, 8, 16
4_30_16 12, 4, 8, 16
6_14_00 4, 12, 16, 8, 13, 5
3_22_12 4, 12, 16
1_31_16 4
8_31_08 8, 16, 4, 12, 5, 13, 1, 9
1_26_18 8
3_24_12 4, 12, 8
7_7_12 8, 16, 4, 12, 1, 9, 13
8_16_10 9, 1, 5, 13, 6, 14, 2, 10
2_29_02 5, 13
1_19_16 1
1_27_18 4
4_19_00 1, 9, 13, 5
7_3_22 12, 4, 8, 16, 5, 13, 1
6_22_16 10, 2, 6, 14, 7, 15
6_28_14 10, 2, 6, 14, 7, 15
8_8_14 9, 1, 5, 13, 10, 2, 6, 14
1_11_16 3
1_21_06 5
7_20_04 3, 11, 15, 7, 8, 16, 4
2_31_20 14, 6
3_5_18 11, 3, 7
1_13_02 5
7_30_08 8, 16, 4, 12, 1, 9, 13
1_28_06 10
4_22_06 5, 13, 1, 9
8_2_04 3, 11, 15, 7, 4, 12, 16, 8
8_9_08 7, 15, 3, 11, 8, 16, 4, 12
5_20_18 10, 2, 6, 14, 15
8_4_10 6, 14, 2, 10, 7, 15, 3, 11
7_18_20 11, 3, 7, 15, 8, 16, 4
5_28_02 4, 12, 16, 8, 9
7_16_12 10, 2, 6, 14, 11, 3, 7
3_26_14 6, 14, 2
7_15_02 5, 13, 1, 9, 10, 2, 6
6_6_00 2, 10, 14, 6, 15, 7
8_10_04 5, 13, 1, 9, 6, 14, 2, 10
4_18_06 4, 12, 16, 8
3_6_10 3, 11, 15
7_16_06 7, 15, 3, 11, 8, 16, 4
5_16_00 4, 12, 16, 8, 5
6_5_04 4, 12, 16, 8, 5, 13
7_1_08 5, 13, 1, 9, 6, 14, 2
8_25_04 5, 13, 1, 9, 6, 14, 2, 10
6_22_04 4, 12, 16, 8, 1, 9
4_15_02 5, 13, 1, 9
2_13_16 12, 4
5_12_08 7, 15, 3, 11, 12
2_15_08 8, 16
7_21_08 6, 14, 2, 10, 7, 15, 3
1_16_18 1
8_21_00 2, 10, 14, 6, 3, 11, 15, 7
2_19_16 9, 1
3_16_20 10, 2, 14
4_1_00 1, 9, 13, 5
5_20_16 9, 1, 5, 13, 14
4_18_08 5, 13, 1, 9
4_24_14 9, 1, 5, 13
4_17_18 10, 2, 6, 14
3_24_16 6, 14, 10
8_8_12 8, 16, 4, 12, 9, 1, 5, 13
2_16_10 5, 13
3_29_00 4,12, 16
5_13_02 5, 13, 1, 9, 2
1_16_10 13
6_29_02 5, 13, 1, 9, 2, 10
5_14_08 8, 16, 4, 12, 1
7_10_20 13, 5, 9, 1, 10, 2, 6
3_23_22 13, 5, 1
2_6_04 16, 8
8_11_02 4, 12, 16, 8, 5, 13, 1, 9
2_12_18 8, 16
3_3_18 10, 2, 14
7_13_20 14, 6, 10, 2, 11, 3, 7
3_22_22 9, 1, 5
4_7_02 3, 11, 15, 7
5_17_04 3, 11, 15, 7, 4
8_12_16 11, 3, 7, 15, 12, 4, 8, 16
3_10_00 15, 7, 11
6_19_02 2, 10, 14, 6, 3, 11
7_14_04 6, 14, 2, 10, 15, 7, 11
4_30_06 7, 15, 3, 11
7_20_14 8, 16, 4, 12, 13, 5, 9
8_8_02 3, 11, 15, 7, 4, 12, 16, 8
7_30_02 5, 13, 1, 9, 14, 6, 10
5_27_14 10, 2, 6, 14, 3
5_24_14 9, 1, 5, 13, 14
8_31_04 6, 14, 2, 10, 3, 11, 15, 7
1_5_06 5
8_7_08 6, 14, 2, 10, 7, 15, 3, 11
1_18_12 3
1_8_06 9
4_29_08 8, 16, 4, 12
1_12_06 10
1_27_08 15
7_31_22 15, 7, 11, 3, 4, 12, 16
1_14_04 2
1_29_20 14
7_14_22 15, 7, 11, 3, 8, 16, 4
6_11_04 5, 13, 1, 9, 6, 14
1_31_14 3
1_5_14 9
2_1_04 3, 11
3_27_20 13, 5, 1
2_16_00 16, 8
7_31_04 6, 14, 2, 10, 11, 3, 7
1_18_14 4
8_14_06 7, 15, 3, 11, 4, 12, 16, 8
2_4_08 1, 9
8_18_14 8, 16, 4, 12, 9, 1, 5, 13
3_8_00 14, 6, 2
7_25_22 14, 6, 10, 2, 15, 7, 11
4_2_06 4, 12, 16, 8
8_4_12 7, 15, 3, 11, 8, 16, 4, 12
4_20_04 3, 11, 15, 7
6_15_10 9, 1, 5, 13, 6, 14
1_14_18 9
1_23_12 16
8_15_06 7, 15, 3, 11, 4, 12, 16, 8
4_12_16 11, 3, 7, 15
7_27_18 12, 4, 8, 16, 5, 13, 1
3_24_00 14, 6, 2
2_25_20 13, 5
4_14_22 15, 7, 11, 3
5_22_20 12, 4, 8, 16, 9
6_4_02 2, 10, 14, 6, 15, 7
1_21_20 12
3_16_18 9, 1, 13
4_20_12 7, 15, 3, 11
2_14_22 11, 3
3_10_16 7, 15, 3
7_1_02 2, 10, 14, 6, 3, 11, 15
6_22_08 6, 14, 2, 10, 3, 11
8_23_14 9, 1, 5, 13, 10, 2, 6, 14
4_3_06 4, 12, 16, 8
3_5_04 4, 12, 16
5_1_08 5, 13, 1, 9, 6
4_21_18 11, 3, 7, 15
1_9_08 7
2_17_08 5, 13
7_5_22 13, 5, 9, 1, 14, 6, 10
3_27_08 7, 15, 11
4_1_14 8, 16, 4, 12
3_18_06 16, 8, 12
3_15_12 10, 2, 14
4_13_04 6, 14, 2, 10
4_15_06 7, 15, 3, 11
5_20_10 6, 14, 2, 10, 11
3_23_06 5, 13, 9
4_11_08 7, 15, 3, 11
4_22_04 4, 12, 16, 8
5_22_14 9, 1, 5, 13, 6
6_15_02 5, 13, 1, 9, 2, 10
2_6_00 14, 6
6_15_16 12, 4, 8, 16, 9, 1
2_16_22 11, 3
5_11_04 5, 13, 1, 9, 14
6_24_18 11, 3, 7, 15, 8, 16
4_28_02 4, 12, 16, 8
8_3_00 1, 9, 13, 5, 2, 10, 14, 6
6_12_06 6, 14, 2, 10, 3, 11
3_17_16 9, 1, 5
2_3_22 12, 4
1_12_04 9
5_15_08 8, 16, 4, 12, 13
2_5_16 10, 2
8_18_12 7, 15, 3, 11, 8, 16, 4, 12
1_19_04 11
6_16_10 9, 1, 5, 13, 2, 10
4_27_02 4, 12, 16, 8
8_13_04 6, 14, 2, 10, 3, 11, 15, 7
3_31_12 10, 2, 14
3_9_00 3, 11, 15
5_6_20 12, 4, 8, 16, 9
8_24_04 4, 12, 16, 8, 5, 13, 1, 9
5_5_20 12, 4, 8, 16, 13
6_13_00 4, 12, 16, 8, 1, 9
7_11_20 13, 5, 9, 1, 6, 14, 2
3_14_14 7, 15, 3
4_18_00 1, 9, 13, 5
7_29_08 8, 16, 4, 12, 5, 13, 1
2_15_02 5, 13
3_6_06 1, 9, 13
4_14_04 6, 14, 2, 10
