1_5_18 11
5_3_10 6, 14, 2, 10, 15
7_3_18 10, 2, 6, 14, 3, 11, 15
5_20_16 9, 1, 5, 13, 14
8_1_20 11, 3, 7, 15, 12, 4, 8, 16
6_17_14 8, 16, 4, 12, 9, 1
6_26_16 11, 3, 7, 15, 8, 16
1_17_06 4
4_24_08 6, 14, 2, 10
4_7_02 3, 11, 15, 7
5_21_06 5, 13, 1, 9, 6
3_30_06 3, 11, 15
5_12_06 6, 14, 2, 10, 11
2_24_18 7, 15
1_13_08 8
8_26_16 11, 3, 7, 15, 12, 4, 8, 16
6_8_18 11, 3, 7, 15, 8, 16
4_31_08 8, 16, 12
6_25_02 4, 12, 16, 8, 5, 13
5_22_10 7, 15, 3, 11, 4
1_9_00 3
4_4_06 4, 12, 16, 8
5_2_22 12, 4, 8, 16, 9
8_23_12 8, 16, 4, 12, 9, 1, 5, 13
1_11_08 15
4_4_04 3, 11, 15, 7
8_29_06 7, 15, 3, 11, 4, 12, 16, 8
4_21_08 6, 14, 2, 10
8_27_08 7, 15, 3, 11, 8, 16, 4, 12
8_5_20 12, 4, 8, 16, 13, 5, 9, 1
3_13_06 7, 15, 3
3_3_08 5, 13, 9
1_11_16 3
1_27_10 16
8_5_22 13, 5, 9, 1, 14, 6, 10, 2
5_19_12 7, 15, 3, 11, 16
4_23_12 8, 16, 4, 12
4_18_14 8, 16, 4, 12
2_8_04 16, 8
6_15_04 6, 14, 2, 10, 3, 11
5_19_18 10, 2, 6, 14, 3
7_4_10 6, 14, 2, 10, 11, 3, 7
6_9_18 12, 4, 8, 16, 13, 5
5_11_16 11, 3, 7, 15, 4
1_23_14 1
5_24_14 9, 1, 5, 13, 14
2_29_18 13, 5
6_1_08 5, 13, 1, 9, 6, 14
1_15_20 6
3_17_00 1, 9, 13
5_18_22 12, 4, 8, 16, 9
8_13_02 5, 13, 1, 9, 2, 10, 14, 6
5_4_22 12, 4, 8, 16, 1
1_24_14 13
1_25_10 8
6_30_12 10, 2, 6, 14, 3, 11
5_26_06 6, 14, 2, 10, 3
7_11_02 4, 12, 16, 8, 13, 5, 9
1_26_02 16
8_18_12 7, 15, 3, 11, 8, 16, 4, 12
7_10_00 3, 11, 15, 7, 16, 8, 12
1_18_14 4
1_8_12 12
7_13_04 6, 14, 2, 10, 3, 11, 15
7_15_20 14, 6, 10, 2, 3, 11, 15
3_6_02 15, 7, 11
1_24_08 10
4_18_04 3, 11, 15, 7
8_23_04 4, 12, 16, 8, 5, 13, 1, 9
5_26_08 7, 15, 3, 11, 4
3_30_10 5, 13, 1
8_16_02 5, 13, 1, 9, 2, 10, 14, 6
5_15_18 13, 5, 9, 1, 2
1_27_06 14
3_8_04 16, 8, 4
4_30_18 13, 5, 9, 1
5_24_10 7, 15, 3, 11, 12
8_31_14 11, 3, 7, 15, 8, 16, 4, 12
5_5_16 10, 2, 6, 14, 11
6_4_14 8, 16, 4, 12, 5, 13
2_1_20 11, 3
4_28_00 3, 11, 15, 7
6_19_02 2, 10, 14, 6, 3, 11
3_29_04 6, 14, 2
8_14_20 14, 6, 10, 2, 11, 3, 7, 15
4_15_10 9, 1, 5, 13
8_21_06 5, 13, 1, 9, 6, 14, 2, 10
1_5_12 8
4_15_04 6, 14, 2, 10
8_17_00 1, 9, 13, 5, 2, 10, 14, 6
4_13_06 7, 15, 3, 11
3_29_08 8, 16, 4
3_3_12 7, 15, 11
4_17_22 12, 4, 8, 16
4_27_20 13, 5, 9, 1
4_8_06 5, 13, 1, 9
3_21_06 5, 13, 1
7_1_10 6, 14, 2, 10, 7, 15, 3
1_15_18 5
5_16_16 12, 4, 8, 16, 13
3_1_00 1, 9, 13
5_9_04 5, 13, 1, 9, 6
7_31_08 8, 16, 4, 12, 13, 5, 9
8_18_16 9, 1, 5, 13, 10, 2, 6, 14
2_7_00 2, 10
2_7_22 13, 5
7_27_06 6, 14, 2, 10, 15, 7, 11
5_1_04 3, 11, 15, 7, 4
2_4_16 5, 13
7_3_16 9, 1, 5, 13, 2, 10, 14
6_7_16 10, 2, 6, 14, 11, 3
7_26_02 4, 12, 16, 8, 1, 9, 13
1_3_20 3
4_27_18 12, 4, 8, 16
1_7_22 5
1_6_06 1
3_28_20 9, 1, 13
7_8_22 13, 5, 9, 1, 2, 10, 14
8_28_22 14, 6, 10, 2, 15, 7, 11, 3
6_14_12 10, 2, 6, 14, 3, 11
1_1_12 7
6_6_02 3, 11, 15, 7, 16, 8
1_5_04 4
7_23_06 5, 13, 1, 9, 14, 6, 10
7_22_18 11, 3, 7, 15, 8, 16, 4
4_3_14 8, 16, 4, 12
4_7_00 2, 10, 14, 6
2_29_14 11, 3
3_16_22 11, 3, 15
3_25_00 3, 11, 15
5_26_12 9, 1, 5, 13, 6
8_23_18 11, 3, 7, 15, 12, 4, 8, 16
4_3_16 9, 1, 5, 13
5_5_22 13, 5, 9, 1, 14
1_4_08 9
1_31_22 7
5_25_00 3, 11, 15, 7, 4
4_15_12 10, 2, 6, 14
3_9_22 14, 6, 10
1_15_06 15
7_7_10 7, 15, 3, 11, 16, 8, 12
2_7_06 5, 13
5_8_14 9, 1, 5, 13, 14
4_24_04 4, 12, 16, 8
4_29_00 4,12, 16, 8
5_16_08 8, 16, 4, 12, 9
4_12_20 13, 5, 9, 1
2_11_06 6, 14
4_23_04 4, 12, 16, 8
7_16_22 15, 7, 11, 3, 16, 8, 12
7_27_20 13, 5, 9, 1, 6, 14, 2
1_15_04 14
2_11_04 5, 13
4_4_22 12, 4, 8, 16
5_28_06 6, 14, 2, 10, 11
2_31_16 12, 4
4_11_06 6, 14, 2, 10
7_17_12 7, 15, 3, 11, 8, 16, 4
6_27_12 9, 1, 5, 13, 10, 2
4_9_00 3, 11, 15, 7
6_25_00 3, 11, 15, 7, 4, 12
3_6_14 5, 13, 1
1_31_08 16
2_30_00 16, 8
4_22_04 4, 12, 16, 8
2_18_04 15, 7
6_21_18 11, 3, 7, 15, 12, 4
3_22_22 9, 1, 5
6_11_16 11, 3, 7, 15, 12, 4
2_2_12 3, 11
5_12_22 14, 6, 10, 2, 3
5_12_08 7, 15, 3, 11, 12
7_19_12 7, 15, 3, 11, 16, 8, 12
7_5_10 7, 15, 3, 11, 8, 16, 4
3_10_06 2, 10, 14
1_3_12 15
2_6_06 1, 9
8_23_10 7, 15, 3, 11, 8, 16, 4, 12
7_12_10 8, 16, 4, 12, 13, 5, 9
5_11_06 6, 14, 2, 10, 15
1_8_04 8
5_8_18 11, 3, 7, 15, 16
2_17_22 12, 4
2_30_02 1, 9
2_12_20 9, 1
2_20_00 13, 5
1_31_14 3
7_16_16 12, 4, 8, 16, 13, 5, 9
5_3_08 5, 13, 1, 9, 14
3_14_20 10, 2, 6
3_13_08 8, 16, 4
5_14_20 14, 6, 10, 2, 7
4_29_06 7, 15, 3, 11
2_14_10 5, 13
5_1_22 12, 4, 8, 16, 13
5_30_02 5, 13, 1, 9, 14
4_9_08 7, 15, 3, 11
3_1_08 5, 13, 1
6_27_20 13, 5, 9, 1, 14, 6
1_24_18 15
3_6_22 9, 1, 5
7_17_02 2, 10, 14, 6, 3, 11, 15
8_22_00 2, 10, 14, 6, 3, 11, 15, 7
7_23_10 7, 15, 3, 11, 16, 8, 12
1_7_12 16
3_31_20 14, 6, 2
7_19_04 3, 11, 15, 7, 12, 4, 8
4_11_16 11, 3, 7, 15
3_4_00 13, 5, 1
2_9_08 7, 15
6_18_08 5, 13, 1, 9, 2, 10
2_25_06 6, 14
7_3_02 2, 10, 14, 6, 11, 3, 7
1_27_16 3
2_17_14 8, 16
4_6_14 9, 1, 5, 13
1_31_10 1
7_23_16 10, 2, 6, 14, 3, 11, 15
2_17_16 9, 1
7_15_22 15, 7, 11, 3, 4, 12, 16
1_5_00 2
4_22_14 9, 1, 5, 13
5_16_18 13, 5, 9, 1, 14
6_28_00 3, 11, 15, 7, 16, 8
1_11_10 16
5_4_02 2, 10, 14, 6, 7
8_19_14 8, 16, 4, 12, 9, 1, 5, 13
2_20_18 6, 14
7_11_20 13, 5, 9, 1, 6, 14, 2
3_7_18 11, 3, 15
1_3_16 1
7_29_10 9, 1, 5, 13, 6, 14, 2
6_31_00 4, 12, 16, 8, 1, 9
5_13_16 12, 4, 8, 16, 9
7_28_12 9, 1, 5, 13, 14, 6, 10
7_23_08 6, 14, 2, 10, 15, 7, 11
4_22_16 10, 2, 6, 14
8_31_04 6, 14, 2, 10, 3, 11, 15, 7
5_5_18 11, 3, 7, 15, 12
1_28_16 15
1_6_04 16
8_22_06 5, 13, 1, 9, 6, 14, 2, 10
8_27_12 9, 1, 5, 13, 10, 2, 6, 14
3_14_10 5, 13, 1
8_14_00 4, 12, 16, 8, 1, 9, 13, 5
8_25_20 13, 5, 9, 1, 14, 6, 10, 2
2_4_04 15, 7
1_30_12 6
6_14_10 9, 1, 5, 13, 2, 10
1_19_16 1
3_8_00 14, 6, 2
5_30_00 4, 12, 16, 8, 13
3_28_10 4, 12, 8
6_20_08 5, 13, 1, 9, 2, 10
5_24_08 6, 14, 2, 10, 11
7_27_04 5, 13, 1, 9, 14, 6, 10
3_3_04 3, 11, 7
6_29_16 12, 4, 8, 16, 9, 1
6_18_00 1, 9, 13, 5, 14, 6
6_16_08 8, 16, 4, 12, 1, 9
5_22_18 11, 3, 7, 15, 8
3_18_04 15, 7, 11
2_12_00 15, 7
7_1_14 8, 16, 4, 12, 9, 1, 5
4_19_22 12, 4, 8, 16
3_31_08 8, 16, 12
5_31_20 14, 6, 10, 2, 3
3_11_22 14, 6, 2
5_21_10 7, 15, 3, 11, 8
1_2_18 6
3_8_06 1, 9, 5
5_10_04 5, 13, 1, 9, 2
7_6_08 6, 14, 2, 10, 3, 11, 15
8_3_12 7, 15, 3, 11, 8, 16, 4, 12
8_16_16 12, 4, 8, 16, 9, 1, 5, 13
8_13_14 11, 3, 7, 15, 8, 16, 4, 12
4_22_06 5, 13, 1, 9
6_14_20 14, 6, 10, 2, 7, 15
1_10_10 4
2_12_16 7, 15
3_2_02 14, 6, 10
5_15_00 4, 12, 16, 8, 9
7_21_08 6, 14, 2, 10, 7, 15, 3
2_13_04 6, 14
2_9_12 9, 1
5_8_16 10, 2, 6, 14, 15
5_20_22 12, 4, 8, 16, 1
8_16_22 15, 7, 11, 3, 12, 4, 8, 16
1_3_22 4
6_1_16 9, 1, 5, 13, 10, 2
6_29_12 10, 2, 6, 14, 7, 15
6_7_22 13, 5, 9, 1, 14, 6
3_17_02 2, 10, 14
2_7_18 11, 3
3_26_00 15, 7, 11
5_26_00 3, 11, 15, 7, 16
2_8_16 6, 14
4_8_10 7, 15, 3, 11
5_17_00 1, 9, 13, 5, 2
6_26_08 7, 15, 3, 11, 4, 12
6_25_20 13, 5, 9, 1, 14, 6
8_19_16 9, 1, 5, 13, 10, 2, 6, 14
1_20_14 12
6_27_02 4, 12, 16, 8, 5, 13
1_10_00 15
2_3_02 2, 10
8_14_18 13, 5, 9, 1, 10, 2, 6, 14
2_11_12 9, 1
7_1_18 10, 2, 6, 14, 11, 3, 7
3_3_10 6, 14, 10
7_11_08 7, 15, 3, 11, 16, 8, 12
3_11_04 5, 13, 9
6_2_14 8, 16, 4, 12, 5, 13
8_4_16 9, 1, 5, 13, 10, 2, 6, 14
6_27_22 14, 6, 10, 2, 15, 7
6_3_18 10, 2, 6, 14, 11, 3
2_23_04 4, 12
1_19_12 15
3_24_12 4, 12, 8
8_21_10 7, 15, 3, 11, 8, 16, 4, 12
4_22_08 6, 14, 2, 10
6_18_22 12, 4, 8, 16, 9, 1
8_25_14 10, 2, 6, 14, 11, 3, 7, 15
5_14_06 7, 15, 3, 11, 16
4_12_06 6, 14, 2, 10
1_4_06 8
6_29_14 11, 3, 7, 15, 8, 16
7_2_08 5, 13, 1, 9, 2, 10, 14
5_1_00 1, 9, 13, 5, 2
6_24_22 13, 5, 9, 1, 10, 2
3_10_14 6, 14, 2
7_23_18 11, 3, 7, 15, 4, 12, 16
4_11_20 13, 5, 9, 1
7_12_14 10, 2, 6, 14, 15, 7, 11
5_1_08 5, 13, 1, 9, 6
8_19_12 7, 15, 3, 11, 8, 16, 4, 12
7_13_14 11, 3, 7, 15, 8, 16, 4
3_19_14 8, 16, 12
6_1_18 10, 2, 6, 14, 11, 3
7_26_04 5, 13, 1, 9, 2, 10, 14
7_1_08 5, 13, 1, 9, 6, 14, 2
7_21_00 2, 10, 14, 6, 3, 11, 15
8_17_18 10, 2, 6, 14, 11, 3, 7, 15
5_21_12 8, 16, 4, 12, 9
4_3_04 3, 11, 15, 7
8_7_06 5, 13, 1, 9, 6, 14, 2, 10
7_5_06 5, 13, 1, 9, 6, 14, 2
8_19_00 1, 9, 13, 5, 2, 10, 14, 6
5_22_08 6, 14, 2, 10, 3
8_28_04 5, 13, 1, 9, 6, 14, 2, 10
2_14_02 1, 9
4_5_22 13, 5, 9, 1
6_14_18 13, 5, 9, 1, 6, 14
8_6_04 4, 12, 16, 8, 5, 13, 1, 9
2_22_04 16, 8
4_1_22 12, 4, 8, 16
6_17_04 3, 11, 15, 7, 4, 12
7_7_12 8, 16, 4, 12, 1, 9, 13
2_16_22 11, 3
3_16_06 3, 11, 7
5_25_22 14, 6, 10, 2, 15
6_6_04 4, 12, 16, 8, 1, 9
5_30_20 14, 6, 10, 2, 7
6_6_08 6, 14, 2, 10, 3, 11
5_11_04 5, 13, 1, 9, 14
6_22_10 7, 15, 3, 11, 4, 12
4_3_12 7, 15, 3, 11
4_30_08 8, 16, 4, 12
5_6_14 9, 1, 5, 13, 6
2_30_08 4, 12
7_14_08 8, 16, 4, 12, 1, 9, 13
2_15_16 12, 4
3_16_10 5, 13, 9
3_19_20 11, 3, 15
1_9_18 12
3_8_12 4, 12, 8
7_25_04 5, 13, 1, 9, 6, 14, 2
7_3_12 7, 15, 3, 11, 16, 8, 12
8_21_14 9, 1, 5, 13, 10, 2, 6, 14
5_13_12 10, 2, 6, 14, 7
3_17_14 8, 16, 4
6_4_04 3, 11, 15, 7, 16, 8
6_20_22 12, 4, 8, 16, 9, 1
2_29_00 4,12
8_4_00 1, 9, 13, 5, 2, 10, 14, 6
7_16_10 9, 1, 5, 13, 10, 2, 6
5_10_06 6, 14, 2, 10, 3
2_3_04 3, 11
2_21_08 6, 14
1_27_04 13
4_14_06 7, 15, 3, 11
3_27_04 5, 13, 9
1_30_14 7
2_27_06 6, 14
2_16_10 5, 13
3_11_00 3, 11, 7
8_6_12 8, 16, 4, 12, 9, 1, 5, 13
4_20_00 1, 9, 13, 5
1_24_00 6
6_6_12 8, 16, 4, 12, 5, 13
8_20_08 5, 13, 1, 9, 6, 14, 2, 10
6_1_12 7, 15, 3, 11, 8, 16
7_1_00 1, 9, 13, 5, 2, 10, 14
7_26_18 12, 4, 8, 16, 9, 1, 5
5_28_02 4, 12, 16, 8, 9
6_16_02 5, 13, 1, 9, 14, 6
3_21_02 3, 11, 15
2_13_22 15, 7
6_28_22 14, 6, 10, 2, 11, 3
2_5_00 2, 10
1_19_08 13
6_28_20 13, 5, 9, 1, 10, 2
6_16_06 7, 15, 3, 11, 16, 8
8_23_02 3, 11, 15, 7, 4, 12, 16, 8
8_1_02 2, 10, 14, 6, 3, 11, 15, 7
6_10_00 3, 11, 15, 7, 16, 8
8_28_14 10, 2, 6, 14, 11, 3, 7, 15
3_9_16 11, 3, 7
8_8_08 6, 14, 2, 10, 7, 15, 3, 11
6_27_18 12, 4, 8, 16, 13, 5
1_25_04 5
8_31_08 8, 16, 4, 12, 5, 13, 1, 9
6_11_00 3, 11, 15, 7, 4, 12
3_11_14 10, 2, 14
6_24_18 11, 3, 7, 15, 8, 16
8_7_16 10, 2, 6, 14, 11, 3, 7, 15
3_29_20 14, 6, 10
1_7_04 12
8_15_02 5, 13, 1, 9, 2, 10, 14, 6
6_26_20 13, 5, 9, 1, 10, 2
8_27_06 6, 14, 2, 10, 7, 15, 3, 11
4_31_12 10, 2, 6, 14
8_11_04 5, 13, 1, 9, 6, 14, 2, 10
3_30_04 2, 10, 14
8_1_18 10, 2, 6, 14, 11, 3, 7, 15
4_13_20 14, 6, 10, 2
4_20_14 8, 16, 4, 12
8_21_22 13, 5, 9, 1, 14, 6, 10, 2
1_1_10 6
6_30_06 7, 15, 3, 11, 16, 8
3_24_06 1, 9, 5
8_26_14 10, 2, 6, 14, 11, 3, 7, 15
7_17_00 1, 9, 13, 5, 2, 10, 14
7_26_06 6, 14, 2, 10, 3, 11, 15
4_6_20 12, 4, 8, 16
2_8_20 8, 16
5_11_12 9, 1, 5, 13, 2
8_15_18 13, 5, 9, 1, 10, 2, 6, 14
5_12_10 8, 16, 4, 12, 13
7_8_14 9, 1, 5, 13, 14, 6, 10
8_20_06 4, 12, 16, 8, 5, 13, 1, 9
7_6_00 2, 10, 14, 6, 15, 7, 11
3_25_20 13, 5, 9
6_26_00 3, 11, 15, 7, 16, 8
3_4_20 7, 15, 11
3_23_22 13, 5, 1
4_3_08 5, 13, 1, 9
2_2_16 5, 13
5_20_10 6, 14, 2, 10, 11
7_15_14 11, 3, 7, 15, 16, 8, 12
7_6_10 7, 15, 3, 11, 4, 12, 16
6_9_00 3, 11, 15, 7, 4, 12
7_12_02 4, 12, 16, 8, 9, 1, 5
2_27_02 4, 12
8_25_02 4, 12, 16, 8, 5, 13, 1, 9
1_1_18 10
3_15_10 9, 1, 13
2_23_10 7, 15
4_4_18 10, 2, 6, 14
5_23_00 2, 10, 14, 6, 11
5_21_22 13, 5, 9, 1, 14
5_8_06 5, 13, 1, 9, 10
8_24_06 5, 13, 1, 9, 6, 14, 2, 10
4_26_20 13, 5, 9, 1
8_14_04 6, 14, 2, 10, 3, 11, 15, 7
7_13_08 8, 16, 4, 12, 5, 13, 1
1_21_18 11
3_29_06 7, 15, 3
6_27_16 11, 3, 7, 15, 12, 4
6_18_18 10, 2, 6, 14, 7, 15
8_20_22 12, 4, 8, 16, 13, 5, 9, 1
1_2_12 3
2_23_14 9, 1
6_3_02 2, 10, 14, 6, 3, 11
6_25_10 8, 16, 4, 12, 9, 1
5_13_22 15, 7, 11, 3, 12
3_21_10 7, 15, 3
1_11_02 12
6_19_00 1, 9, 13, 5, 2, 10
7_15_16 12, 4, 8, 16, 1, 9, 13
4_2_00 1, 9, 13, 5
2_16_02 1, 9
1_19_00 9
7_4_18 10, 2, 6, 14, 15, 7, 11
2_8_18 7, 15
7_2_22 12, 4, 8, 16, 9, 1, 5
6_9_14 10, 2, 6, 14, 11, 3
2_28_16 7, 15
5_17_22 12, 4, 8, 16, 13
8_18_14 8, 16, 4, 12, 9, 1, 5, 13
4_23_06 5, 13, 1, 9
4_2_18 10, 2, 6, 14
6_1_00 1, 9, 13, 5, 2, 10
8_11_02 4, 12, 16, 8, 5, 13, 1, 9
5_2_08 5, 13, 1, 9, 2
2_22_16 6, 14
3_9_10 8, 16, 4
3_9_14 10, 2, 6
3_20_04 15, 7, 3
2_13_06 7, 15
8_8_06 5, 13, 1, 9, 6, 14, 2, 10
1_4_18 14
4_28_10 8, 16, 4, 12
3_21_16 10, 2, 6
5_25_10 8, 16, 4, 12, 9
7_29_02 5, 13, 1, 9, 2, 10, 14
2_11_20 13, 5
5_4_04 3, 11, 15, 7, 8
1_29_06 7
4_12_08 7, 15, 3, 11
6_18_06 4, 12, 16, 8, 1, 9
8_30_00 4, 12, 16, 8, 1, 9, 13, 5
8_4_18 10, 2, 6, 14, 11, 3, 7, 15
5_22_16 10, 2, 6, 14, 7
6_27_04 5, 13, 1, 9, 6, 14
5_17_16 9, 1, 5, 13, 10
2_26_06 2, 10
2_9_14 10, 2
6_11_02 4, 12, 16, 8, 5, 13
3_20_00 13, 5, 1
6_7_08 6, 14, 2, 10, 7, 15
3_13_04 6, 14, 2
8_19_10 6, 14, 2, 10, 7, 15, 3, 11
5_15_16 12, 4, 8, 16, 1
2_5_04 4, 12
2_2_02 14, 6
5_11_10 8, 16, 4, 12, 1
2_1_10 6, 14
5_21_02 3, 11, 15, 7, 4
2_18_20 7, 15
8_21_16 10, 2, 6, 14, 11, 3, 7, 15
4_12_12 9, 1, 5, 13
3_6_06 1, 9, 13
6_22_00 2, 10, 14, 6, 15, 7
3_23_06 5, 13, 9
4_7_08 6, 14, 2, 10
5_3_18 10, 2, 6, 14, 3
6_16_16 12, 4, 8, 16, 5, 13
1_22_02 15
8_15_10 9, 1, 5, 13, 6, 14, 2, 10
2_7_04 4, 12
7_9_22 14, 6, 10, 2, 15, 7, 11
3_27_12 9, 1, 13
4_26_14 10, 2, 6, 14
6_31_14 11, 3, 7, 15, 8, 16
4_3_20 11, 3, 7, 15
8_11_14 10, 2, 6, 14, 11, 3, 7, 15
1_7_08 14
3_17_22 12, 4, 8
8_20_18 10, 2, 6, 14, 11, 3, 7, 15
1_9_20 13
7_30_00 4, 12, 16, 8, 13, 5, 9
1_18_18 6
6_23_18 11, 3, 7, 15, 12, 4
7_18_18 10, 2, 6, 14, 7, 15, 3
5_20_18 10, 2, 6, 14, 15
6_21_02 3, 11, 15, 7, 4, 12
1_28_08 11
2_3_22 12, 4
4_25_02 4, 12, 16, 8
4_27_22 14, 6, 10, 2
3_10_00 15, 7, 11
4_31_06 7, 15, 3, 11
6_22_12 8, 16, 4, 12, 5, 13
6_19_04 3, 11, 15, 7, 4, 12
2_12_02 16, 8
4_8_14 9, 1, 5, 13
4_22_18 11, 3, 7, 15
6_23_10 7, 15, 3, 11, 8, 16
8_6_00 2, 10, 14, 6, 3, 11, 15, 7
8_25_18 12, 4, 8, 16, 13, 5, 9, 1
6_2_16 9, 1, 5, 13, 6, 14
3_3_06 4, 12, 8
6_17_22 12, 4, 8, 16, 13, 5
7_4_02 2, 10, 14, 6, 7, 15, 3
3_9_00 3, 11, 15
5_1_20 11, 3, 7, 15, 12
5_14_08 8, 16, 4, 12, 1
8_25_12 9, 1, 5, 13, 10, 2, 6, 14
2_24_02 15, 7
1_17_10 6
5_17_08 5, 13, 1, 9, 6
5_30_22 15, 7, 11, 3, 8
5_19_08 5, 13, 1, 9, 14
8_28_12 9, 1, 5, 13, 10, 2, 6, 14
2_25_16 11, 3
3_30_08 4, 12, 16
8_30_12 10, 2, 6, 14, 7, 15, 3, 11
2_3_18 10, 2
6_9_10 8, 16, 4, 12, 9, 1
7_26_14 10, 2, 6, 14, 7, 15, 3
5_3_12 7, 15, 3, 11, 16
3_23_04 4, 12, 8
2_24_20 8, 16
2_1_16 9, 1
1_12_00 7
2_2_00 13, 5
2_27_20 13, 5
4_9_16 11, 3, 7, 15
8_5_02 3, 11, 15, 7, 4, 12, 16, 8
5_25_06 6, 14, 2, 10, 7
1_22_00 14
1_23_20 4
5_6_02 3, 11, 15, 7, 16
5_8_00 2, 10, 14, 6, 7
3_11_10 8, 16, 12
4_17_18 10, 2, 6, 14
4_10_08 7, 15, 3, 11
8_21_18 11, 3, 7, 15, 12, 4, 8, 16
8_2_10 6, 14, 2, 10, 7, 15, 3, 11
2_21_14 9, 1
6_23_22 13, 5, 9, 1, 14, 6
5_26_02 4, 12, 16, 8, 1
8_27_10 8, 16, 4, 12, 9, 1, 5, 13
2_19_20 11, 3
2_9_00 3, 11
6_2_18 10, 2, 6, 14, 7, 15
4_6_18 11, 3, 7, 15
4_23_10 7, 15, 3, 11
8_4_14 8, 16, 4, 12, 9, 1, 5, 13
8_2_04 3, 11, 15, 7, 4, 12, 16, 8
5_31_04 6, 14, 2, 10, 11
4_13_10 9, 1, 5, 13
3_17_20 11, 3, 7
5_30_18 13, 5, 9, 1, 6
5_30_06 7, 15, 3, 11, 16
1_6_02 15
7_9_12 9, 1, 5, 13, 10, 2, 6
5_25_08 7, 15, 3, 11, 8
2_29_02 5, 13
6_3_00 1, 9, 13, 5, 2, 10
6_26_22 14, 6, 10, 2, 11, 3
2_23_02 3, 11
8_26_06 6, 14, 2, 10, 7, 15, 3, 11
4_2_16 9, 1, 5, 13
5_12_18 12, 4, 8, 16, 1
1_12_06 10
5_13_00 4, 12, 16, 8, 1
6_12_16 11, 3, 7, 15, 8, 16
2_23_22 13, 5
6_28_02 4, 12, 16, 8, 1, 9
5_9_16 11, 3, 7, 15, 12
7_22_04 4, 12, 16, 8, 1, 9, 13
3_4_14 4, 12, 8
2_14_12 6, 14
2_16_06 3, 11
1_4_14 12
2_1_08 5, 13
7_24_04 4, 12, 16, 8, 9, 1, 5
5_11_22 14, 6, 10, 2, 7
8_12_02 4, 12, 16, 8, 5, 13, 1, 9
3_3_02 2, 10, 6
4_26_10 8, 16, 4, 12
8_28_06 6, 14, 2, 10, 7, 15, 3, 11
2_22_18 7, 15
1_25_20 13
3_7_10 7, 15, 11
5_12_02 4, 12, 16, 8, 9
2_13_02 5, 13
5_3_22 12, 4, 8, 16, 5
5_23_06 5, 13, 1, 9, 14
6_24_08 6, 14, 2, 10, 3, 11
4_16_06 7, 15, 3, 11
7_28_14 10, 2, 6, 14, 15, 7, 11
8_13_04 6, 14, 2, 10, 3, 11, 15, 7
6_17_16 9, 1, 5, 13, 10, 2
2_18_00 13, 5
1_25_22 14
4_21_22 13, 5, 9, 1
7_10_04 5, 13, 1, 9, 2, 10, 14
6_10_12 9, 1, 5, 13, 6, 14
2_2_06 16, 8
6_4_08 5, 13, 1, 9, 2, 10
8_20_10 6, 14, 2, 10, 7, 15, 3, 11
6_21_00 2, 10, 14, 6, 3, 11
2_31_08 8, 16
6_23_14 9, 1, 5, 13, 10, 2
3_30_22 11, 3, 7
2_31_20 14, 6
8_24_04 4, 12, 16, 8, 5, 13, 1, 9
2_21_00 2, 10
8_25_22 14, 6, 10, 2, 15, 7, 11, 3
7_11_10 8, 16, 4, 12, 1, 9, 13
3_8_10 3, 11, 7
7_20_00 1, 9, 13, 5, 6, 14, 2
5_8_10 7, 15, 3, 11, 12
7_1_06 4, 12, 16, 8, 5, 13, 1
4_30_00 4,12, 16, 8
3_25_08 7, 15, 3
4_22_20 12, 4, 8, 16
5_5_02 3, 11, 15, 7, 4
8_30_16 12, 4, 8, 16, 9, 1, 5, 13
5_31_22 15, 7, 11, 3, 4
2_27_00 3, 11
8_19_22 12, 4, 8, 16, 13, 5, 9, 1
3_4_18 6, 14, 10
4_18_18 10, 2, 6, 14
8_25_16 11, 3, 7, 15, 12, 4, 8, 16
2_30_20 10, 2
2_19_16 9, 1
2_10_00 15, 7
2_5_06 5, 13
4_9_04 5, 13, 1, 9
3_21_20 12, 4, 8
1_14_18 9
3_12_00 15, 7, 3
4_16_20 14, 6, 10, 2
2_9_06 6, 14
6_15_02 5, 13, 1, 9, 2, 10
8_24_16 10, 2, 6, 14, 11, 3, 7, 15
2_28_08 3, 11
3_4_08 1, 9, 5
4_16_22 15, 7, 11, 3
8_12_10 8, 16, 4, 12, 9, 1, 5, 13
5_7_16 10, 2, 6, 14, 3
8_24_14 9, 1, 5, 13, 10, 2, 6, 14
7_24_20 12, 4, 8, 16, 1, 9, 13
1_21_08 6
4_2_14 8, 16, 4, 12
3_8_22 9, 1, 13
4_25_04 5, 13, 1, 9
7_7_04 4, 12, 16, 8, 13, 5, 9
6_14_14 11, 3, 7, 15, 4, 12
2_23_08 6, 14
1_28_22 2
2_29_12 10, 2
3_31_18 13, 5, 1
1_24_02 7
5_20_00 1, 9, 13, 5, 6
2_1_18 10, 2
4_3_18 10, 2, 6, 14
7_30_08 8, 16, 4, 12, 1, 9, 13
3_28_22 10, 2, 14
4_27_10 8, 16, 4, 12
4_30_02 5, 13, 1, 9
1_14_02 1
1_6_12 4
5_29_18 13, 5, 9, 1, 10
5_30_04 6, 14, 2, 10, 15
7_24_12 8, 16, 4, 12, 13, 5, 9
2_21_18 11, 3
3_2_14 4, 12, 16
2_31_02 5, 13
8_28_10 8, 16, 4, 12, 9, 1, 5, 13
7_16_14 11, 3, 7, 15, 12, 4, 8
2_28_20 9, 1
5_2_14 8, 16, 4, 12, 5
8_4_12 7, 15, 3, 11, 8, 16, 4, 12
2_17_20 11, 3
3_30_14 7, 15, 3
6_23_08 6, 14, 2, 10, 7, 15
4_28_16 11, 3, 7, 15
4_15_20 14, 6, 10, 2
5_10_20 13, 5, 9, 1, 10
8_17_04 3, 11, 15, 7, 4, 12, 16, 8
6_10_04 5, 13, 1, 9, 2, 10
7_2_16 9, 1, 5, 13, 6, 14, 2
3_21_12 8, 16, 4
8_17_10 6, 14, 2, 10, 7, 15, 3, 11
5_25_16 11, 3, 7, 15, 12
8_10_18 12, 4, 8, 16, 13, 5, 9, 1
4_16_02 5, 13, 1, 9
1_13_04 6
6_5_22 13, 5, 9, 1, 14, 6
8_2_18 10, 2, 6, 14, 11, 3, 7, 15
4_11_08 7, 15, 3, 11
5_18_16 9, 1, 5, 13, 6
3_31_04 6, 14, 10
2_15_18 13, 5
4_10_20 13, 5, 9, 1
5_31_02 5, 13, 1, 9, 10
2_22_00 14, 6
2_16_20 10, 2
2_4_02 14, 6
2_25_02 4, 12
7_2_00 1, 9, 13, 5, 14, 6, 10
1_3_04 11
4_25_06 6, 14, 2, 10
2_24_14 5, 13
1_21_14 9
7_1_22 12, 4, 8, 16, 13, 5, 9
1_18_16 5
5_25_18 12, 4, 8, 16, 13
7_24_22 13, 5, 9, 1, 2, 10, 14
6_16_12 10, 2, 6, 14, 3, 11
4_26_18 12, 4, 8, 16
6_28_06 6, 14, 2, 10, 3, 11
1_13_14 11
7_10_06 6, 14, 2, 10, 3, 11, 15
7_13_18 13, 5, 9, 1, 10, 2, 6
6_6_18 11, 3, 7, 15, 8, 16
7_30_16 12, 4, 8, 16, 5, 13, 1
4_12_02 4, 12, 16, 8
6_22_14 9, 1, 5, 13, 6, 14
5_8_12 8, 16, 4, 12, 13
1_9_02 4
2_6_22 9, 1
8_12_20 13, 5, 9, 1, 14, 6, 10, 2
7_31_04 6, 14, 2, 10, 11, 3, 7
4_18_06 4, 12, 16, 8
7_22_14 9, 1, 5, 13, 6, 14, 2
5_16_20 14, 6, 10, 2, 15
8_9_22 14, 6, 10, 2, 15, 7, 11, 3
5_15_02 5, 13, 1, 9, 10
1_24_12 12
5_24_02 3, 11, 15, 7, 8
3_17_18 10, 2, 6
5_9_18 12, 4, 8, 16, 13
6_26_14 10, 2, 6, 14, 7, 15
2_8_06 1, 9
8_2_20 11, 3, 7, 15, 12, 4, 8, 16
8_6_02 3, 11, 15, 7, 4, 12, 16, 8
1_16_00 8
7_6_20 12, 4, 8, 16, 9, 1, 5
3_5_10 7, 15, 3
3_7_12 8, 16, 12
1_18_04 15
2_6_08 2, 10
7_29_14 11, 3, 7, 15, 8, 16, 4
1_29_16 12
1_25_06 6
7_6_02 3, 11, 15, 7, 16, 8, 12
7_30_18 13, 5, 9, 1, 6, 14, 2
7_24_06 5, 13, 1, 9, 10, 2, 6
2_8_02 15, 7
2_5_18 11, 3
6_29_22 15, 7, 11, 3, 12, 4
5_23_10 7, 15, 3, 11, 16
4_1_18 10, 2, 6, 14
7_11_22 14, 6, 10, 2, 7, 15, 3
1_8_10 11
8_12_16 11, 3, 7, 15, 12, 4, 8, 16
7_29_04 6, 14, 2, 10, 3, 11, 15
4_27_04 5, 13, 1, 9
6_15_18 13, 5, 9, 1, 10, 2
7_26_22 14, 6, 10, 2, 11, 3, 7
4_20_10 6, 14, 2, 10
1_15_10 1
6_17_10 6, 14, 2, 10, 7, 15
2_29_04 6, 14
4_14_14 11, 3, 7, 15
4_29_04 6, 14, 2, 10
1_21_10 7
2_3_10 6, 14
1_27_18 4
1_15_14 3
7_21_02 3, 11, 15, 7, 4, 12, 16
8_28_02 4, 12, 16, 8, 5, 13, 1, 9
2_24_04 16, 8
5_27_16 11, 3, 7, 15, 4
3_9_12 9, 1, 5
4_4_20 11, 3, 7, 15
1_11_22 6
7_24_02 3, 11, 15, 7, 8, 16, 4
6_20_20 11, 3, 7, 15, 8, 16
2_13_12 10, 2
7_9_14 10, 2, 6, 14, 11, 3, 7
5_7_14 9, 1, 5, 13, 2
3_21_14 9, 1, 5
5_27_18 12, 4, 8, 16, 5
3_14_08 4, 12, 16
8_6_06 5, 13, 1, 9, 6, 14, 2, 10
6_3_22 12, 4, 8, 16, 13, 5
7_5_08 6, 14, 2, 10, 7, 15, 3
4_17_10 6, 14, 2, 10
6_13_02 5, 13, 1, 9, 2, 10
1_27_00 11
8_14_12 10, 2, 6, 14, 7, 15, 3, 11
4_19_10 6, 14, 2, 10
5_16_06 7, 15, 3, 11, 8
1_22_06 1
2_24_10 3, 11
8_25_10 8, 16, 4, 12, 9, 1, 5, 13
6_30_18 13, 5, 9, 1, 6, 14
7_3_10 6, 14, 2, 10, 15, 7, 11
6_3_12 7, 15, 3, 11, 8, 16
7_11_04 5, 13, 1, 9, 14, 6, 10
3_31_06 7, 15, 11
1_10_22 10
2_20_02 14, 6
2_13_18 13, 5
3_23_10 7, 15, 11
4_11_10 8, 16, 4, 12
3_24_18 7, 15, 11
2_29_16 12, 4
3_2_20 7, 15, 3
2_4_12 3, 11
4_20_16 9, 1, 5, 13
2_4_22 8, 16
6_31_06 7, 15, 3, 11, 4, 12
2_29_08 8, 16
6_13_18 13, 5, 9, 1, 10, 2
7_9_10 8, 16, 4, 12, 9, 1, 5
2_19_00 1, 9
1_26_04 1
8_12_06 6, 14, 2, 10, 7, 15, 3, 11
3_13_18 13, 5, 9
8_11_20 13, 5, 9, 1, 14, 6, 10, 2
1_28_04 9
6_2_10 6, 14, 2, 10, 3, 11
8_29_20 14, 6, 10, 2, 11, 3, 7, 15
8_19_18 10, 2, 6, 14, 11, 3, 7, 15
8_16_10 9, 1, 5, 13, 6, 14, 2, 10
5_3_04 3, 11, 15, 7, 12
1_23_04 12
5_8_08 6, 14, 2, 10, 11
8_24_22 13, 5, 9, 1, 14, 6, 10, 2
3_29_18 13, 5, 9
6_15_12 10, 2, 6, 14, 7, 15
3_20_20 7, 15, 11
5_28_12 9, 1, 5, 13, 14
1_16_14 15
8_23_08 6, 14, 2, 10, 7, 15, 3, 11
8_6_14 9, 1, 5, 13, 10, 2, 6, 14
7_2_20 11, 3, 7, 15, 8, 16, 4
5_26_22 14, 6, 10, 2, 11
3_24_02 15, 7, 3
3_27_00 3, 11, 7
2_4_14 4, 12
1_15_16 4
6_27_14 10, 2, 6, 14, 11, 3
5_10_08 7, 15, 3, 11, 4
2_4_20 7, 15
2_15_00 4,12
5_9_00 3, 11, 15, 7, 4
2_18_10 2, 10
4_28_22 14, 6, 10, 2
5_28_10 8, 16, 4, 12, 13
2_8_22 9, 1
2_14_04 2, 10
6_10_18 12, 4, 8, 16, 9, 1
6_2_08 5, 13, 1, 9, 2, 10
5_18_10 6, 14, 2, 10, 3
5_16_22 15, 7, 11, 3, 16
7_8_00 2, 10, 14, 6, 7, 15, 3
5_1_12 7, 15, 3, 11, 8
2_11_02 4, 12
7_17_08 5, 13, 1, 9, 6, 14, 2
5_19_10 6, 14, 2, 10, 15
7_20_12 7, 15, 3, 11, 12, 4, 8
6_12_22 14, 6, 10, 2, 11, 3
7_22_06 5, 13, 1, 9, 2, 10, 14
3_1_02 2, 10, 14
2_3_12 7, 15
5_29_20 14, 6, 10, 2, 11
3_28_06 2, 10, 6
5_10_18 12, 4, 8, 16, 9
1_10_12 5
3_20_12 3, 11, 7
8_29_04 6, 14, 2, 10, 3, 11, 15, 7
3_22_04 16, 8, 12
6_9_06 6, 14, 2, 10, 7, 15
3_17_12 7, 15, 3
2_2_22 8, 16
3_18_08 1, 9, 13
3_7_06 5, 13, 9
6_3_10 6, 14, 2, 10, 7, 15
7_17_10 6, 14, 2, 10, 7, 15, 3
2_6_02 15, 7
2_30_16 8, 16
1_30_00 16
4_14_18 13, 5, 9, 1
4_29_20 14, 6, 10, 2
8_11_08 7, 15, 3, 11, 8, 16, 4, 12
4_7_04 4, 12, 16, 8
5_9_22 14, 6, 10, 2, 15
2_14_06 3, 11
6_17_06 4, 12, 16, 8, 5, 13
4_15_18 13, 5, 9, 1
3_8_14 5, 13, 9
6_8_12 8, 16, 4, 12, 5, 13
8_10_00 3, 11, 15, 7, 4, 12, 16, 8
3_28_08 3, 11, 7
7_12_18 12, 4, 8, 16, 1, 9, 13
5_31_10 9, 1, 5, 13, 14
8_26_00 3, 11, 15, 7, 4, 12, 16, 8
4_19_06 4, 12, 16, 8
5_17_04 3, 11, 15, 7, 4
4_24_14 9, 1, 5, 13
4_13_18 13, 5, 9, 1
7_30_20 14, 6, 10, 2, 7, 15, 3
8_10_16 11, 3, 7, 15, 12, 4, 8, 16
2_10_18 8, 16
4_21_12 8, 16, 4, 12
4_10_18 12, 4, 8, 16
3_15_06 7, 15, 11
7_27_14 10, 2, 6, 14, 3, 11, 15
7_2_14 8, 16, 4, 12, 5, 13, 1
6_18_10 6, 14, 2, 10, 3, 11
7_14_02 5, 13, 1, 9, 14, 6, 10
6_26_12 9, 1, 5, 13, 6, 14
7_10_10 8, 16, 4, 12, 5, 13, 1
8_6_10 7, 15, 3, 11, 8, 16, 4, 12
1_17_08 5
6_5_16 10, 2, 6, 14, 11, 3
1_11_20 5
4_16_14 11, 3, 7, 15
8_17_12 7, 15, 3, 11, 8, 16, 4, 12
6_27_10 8, 16, 4, 12, 9, 1
6_1_04 3, 11, 15, 7, 4, 12
2_18_18 6, 14
5_13_02 5, 13, 1, 9, 2
5_13_04 6, 14, 2, 10, 3
1_16_16 16
7_10_02 4, 12, 16, 8, 1, 9, 13
1_25_12 9
4_12_14 10, 2, 6, 14
1_13_20 14
1_17_02 2
5_18_00 1, 9, 13, 5, 14
8_16_04 6, 14, 2, 10, 3, 11, 15, 7
8_23_00 2, 10, 14, 6, 3, 11, 15, 7
2_10_20 9, 1
7_26_20 13, 5, 9, 1, 10, 2, 6
5_14_16 12, 4, 8, 16, 5
2_27_14 10, 2
3_23_20 12, 4, 16
6_29_10 9, 1, 5, 13, 6, 14
4_9_22 14, 6, 10, 2
3_13_02 5, 13, 1
2_29_10 9, 1
7_24_18 11, 3, 7, 15, 16, 8, 12
2_22_08 2, 10
4_16_16 12, 4, 8, 16
8_30_04 6, 14, 2, 10, 3, 11, 15, 7
5_27_04 5, 13, 1, 9, 14
6_16_10 9, 1, 5, 13, 2, 10
2_4_18 6, 14
8_8_20 12, 4, 8, 16, 13, 5, 9, 1
6_21_14 9, 1, 5, 13, 10, 2
5_28_08 7, 15, 3, 11, 12
3_26_10 4, 12, 16
5_28_16 11, 3, 7, 15, 16
6_4_00 1, 9, 13, 5, 14, 6
5_26_16 11, 3, 7, 15, 8
1_24_06 9
6_4_12 7, 15, 3, 11, 4, 12
1_19_10 14
3_23_02 3, 11, 7
6_27_08 7, 15, 3, 11, 8, 16
1_23_12 16
3_3_18 10, 2, 14
5_10_16 11, 3, 7, 15, 8
2_14_00 16, 8
7_20_10 6, 14, 2, 10, 11, 3, 7
5_20_12 7, 15, 3, 11, 12
4_25_20 13, 5, 9, 1
5_7_02 3, 11, 15, 7, 12
2_18_14 4, 12
5_24_04 4, 12, 16, 8, 9
2_4_00 13, 5
4_16_00 4,12, 16, 8
2_1_12 7, 15
6_28_04 5, 13, 1, 9, 2, 10
7_30_14 11, 3, 7, 15, 4, 12, 16
2_23_06 5, 13
8_30_02 5, 13, 1, 9, 2, 10, 14, 6
8_2_12 7, 15, 3, 11, 8, 16, 4, 12
7_22_12 8, 16, 4, 12, 5, 13, 1
4_23_16 10, 2, 6, 14
4_19_16 9, 1, 5, 13
7_6_14 9, 1, 5, 13, 6, 14, 2
5_25_14 10, 2, 6, 14, 11
5_15_08 8, 16, 4, 12, 13
8_5_16 10, 2, 6, 14, 11, 3, 7, 15
6_29_08 8, 16, 4, 12, 5, 13
4_14_00 4,12, 16, 8
6_21_06 5, 13, 1, 9, 6, 14
6_1_20 11, 3, 7, 15, 12, 4
7_3_04 3, 11, 15, 7, 12, 4, 8
1_29_14 11
5_13_10 9, 1, 5, 13, 6
3_15_20 14, 6, 2
3_21_04 4, 12, 16
5_8_20 12, 4, 8, 16, 1
8_1_12 7, 15, 3, 11, 8, 16, 4, 12
8_30_10 9, 1, 5, 13, 6, 14, 2, 10
5_24_12 8, 16, 4, 12, 13
6_1_02 2, 10, 14, 6, 3, 11
2_21_20 12, 4
4_13_14 11, 3, 7, 15
3_18_12 3, 11, 15
1_12_20 1
2_19_04 3, 11
3_19_06 4, 12, 8
8_16_06 7, 15, 3, 11, 4, 12, 16, 8
3_27_16 11, 3, 15
5_30_16 12, 4, 8, 16, 5
7_15_18 13, 5, 9, 1, 2, 10, 14
5_3_00 1, 9, 13, 5, 10
8_8_14 9, 1, 5, 13, 10, 2, 6, 14
4_21_06 5, 13, 1, 9
5_23_16 10, 2, 6, 14, 3
3_16_04 2, 10, 6
7_18_02 2, 10, 14, 6, 15, 7, 11
3_16_18 9, 1, 13
3_29_12 10, 2, 6
1_19_04 11
2_2_04 15, 7
1_20_16 13
6_19_12 7, 15, 3, 11, 8, 16
6_19_22 12, 4, 8, 16, 13, 5
4_5_08 6, 14, 2, 10
3_19_02 2, 10, 6
5_27_10 8, 16, 4, 12, 1
2_17_02 2, 10
5_18_08 5, 13, 1, 9, 2
4_27_08 7, 15, 3, 11
3_8_18 7, 15, 11
4_28_18 12, 4, 8, 16
8_3_20 11, 3, 7, 15, 12, 4, 8, 16
6_6_06 5, 13, 1, 9, 2, 10
5_6_20 12, 4, 8, 16, 9
6_12_08 7, 15, 3, 11, 4, 12
2_12_18 8, 16
7_12_20 13, 5, 9, 1, 2, 10, 14
1_13_06 7
5_7_20 12, 4, 8, 16, 5
5_7_22 13, 5, 9, 1, 6
7_29_00 4, 12, 16, 8, 1, 9, 13
1_16_08 12
4_19_12 7, 15, 3, 11
7_18_04 3, 11, 15, 7, 16, 8, 12
4_31_14 11, 3, 7, 15
6_24_14 9, 1, 5, 13, 6, 14
1_23_08 14
7_31_16 12, 4, 8, 16, 1, 9, 13
2_14_16 8, 16
6_4_22 12, 4, 8, 16, 9, 1
7_9_08 7, 15, 3, 11, 8, 16, 4
2_17_00 1, 9
5_7_18 11, 3, 7, 15, 4
1_20_02 6
8_8_02 3, 11, 15, 7, 4, 12, 16, 8
8_17_22 12, 4, 8, 16, 13, 5, 9, 1
8_26_10 8, 16, 4, 12, 9, 1, 5, 13
1_18_12 3
4_5_18 11, 3, 7, 15
7_16_04 6, 14, 2, 10, 7, 15, 3
8_12_12 9, 1, 5, 13, 10, 2, 6, 14
6_22_22 13, 5, 9, 1, 10, 2
5_31_16 12, 4, 8, 16, 1
1_11_18 4
8_31_10 9, 1, 5, 13, 6, 14, 2, 10
7_10_22 14, 6, 10, 2, 11, 3, 7
3_29_16 12, 4, 8
7_31_10 9, 1, 5, 13, 14, 6, 10
5_5_04 4, 12, 16, 8, 5
6_26_04 5, 13, 1, 9, 2, 10
2_26_14 6, 14
3_14_02 1, 9, 13
5_1_14 8, 16, 4, 12, 9
4_1_20 11, 3, 7, 15
8_22_16 10, 2, 6, 14, 11, 3, 7, 15
6_17_02 2, 10, 14, 6, 3, 11
7_13_10 9, 1, 5, 13, 6, 14, 2
7_25_06 6, 14, 2, 10, 7, 15, 3
8_17_08 5, 13, 1, 9, 6, 14, 2, 10
5_20_08 5, 13, 1, 9, 10
7_13_22 15, 7, 11, 3, 12, 4, 8
3_8_08 2, 10, 6
2_13_00 4,12
5_20_06 4, 12, 16, 8, 9
7_30_04 6, 14, 2, 10, 15, 7, 11
4_19_00 1, 9, 13, 5
1_3_06 12
1_12_22 2
6_21_04 4, 12, 16, 8, 5, 13
5_19_16 9, 1, 5, 13, 2
2_28_02 16, 8
6_29_20 14, 6, 10, 2, 11, 3
7_7_18 11, 3, 7, 15, 4, 12, 16
4_21_02 3, 11, 15, 7
1_25_08 7
7_30_06 7, 15, 3, 11, 16, 8, 12
3_10_08 3, 11, 15
4_6_10 7, 15, 3, 11
7_31_22 15, 7, 11, 3, 4, 12, 16
1_26_16 7
4_20_08 5, 13, 1, 9
5_23_22 13, 5, 9, 1, 6
8_29_08 8, 16, 4, 12, 5, 13, 1, 9
7_14_22 15, 7, 11, 3, 8, 16, 4
7_19_08 5, 13, 1, 9, 14, 6, 10
6_2_04 3, 11, 15, 7, 16, 8
6_28_12 9, 1, 5, 13, 6, 14
1_19_02 10
6_30_22 15, 7, 11, 3, 8, 16
5_20_04 3, 11, 15, 7, 8
2_20_14 4, 12
1_30_10 5
4_5_06 5, 13, 1, 9
2_10_10 4, 12
1_6_00 14
4_23_00 2, 10, 14, 6
4_28_12 9, 1, 5, 13
6_27_00 3, 11, 15, 7, 4, 12
1_16_22 3
7_29_16 12, 4, 8, 16, 9, 1, 5
3_22_02 15, 7, 11
3_5_22 13, 5, 9
7_31_20 14, 6, 10, 2, 3, 11, 15
8_2_08 5, 13, 1, 9, 6, 14, 2, 10
6_28_08 7, 15, 3, 11, 4, 12
5_8_22 13, 5, 9, 1, 2
7_31_12 10, 2, 6, 14, 15, 7, 11
2_14_08 4, 12
4_19_02 2, 10, 14, 6
4_5_04 4, 12, 16, 8
6_18_14 8, 16, 4, 12, 5, 13
2_25_12 9, 1
3_13_16 12, 4, 8
7_9_02 4, 12, 16, 8, 5, 13, 1
8_26_12 9, 1, 5, 13, 10, 2, 6, 14
1_11_12 1
8_2_16 9, 1, 5, 13, 10, 2, 6, 14
6_14_16 12, 4, 8, 16, 5, 13
4_9_06 6, 14, 2, 10
3_5_00 2, 10, 14
6_1_22 12, 4, 8, 16, 13, 5
4_18_10 6, 14, 2, 10
8_17_06 4, 12, 16, 8, 5, 13, 1, 9
3_27_02 4, 12, 8
1_25_18 12
3_12_20 9, 1, 13
3_29_22 15, 7, 11
2_28_06 2, 10
8_16_20 14, 6, 10, 2, 11, 3, 7, 15
8_15_00 4, 12, 16, 8, 1, 9, 13, 5
6_13_14 11, 3, 7, 15, 8, 16
4_13_12 10, 2, 6, 14
5_13_06 7, 15, 3, 11, 4
7_15_02 5, 13, 1, 9, 10, 2, 6
5_3_06 4, 12, 16, 8, 13
6_7_12 8, 16, 4, 12, 9, 1
8_1_22 12, 4, 8, 16, 13, 5, 9, 1
4_5_16 10, 2, 6, 14
2_1_00 1, 9
1_21_00 2
4_14_08 8, 16, 4, 12
4_2_22 12, 4, 8, 16
7_13_12 10, 2, 6, 14, 7, 15, 3
3_24_14 5, 13, 9
5_15_06 7, 15, 3, 11, 12
2_14_22 11, 3
7_6_22 13, 5, 9, 1, 10, 2, 6
7_23_22 13, 5, 9, 1, 6, 14, 2
3_5_14 9, 1, 5
2_9_02 4, 12
3_13_12 10, 2, 6
4_1_08 5, 13, 1, 9
4_25_10 8, 16, 4, 12
5_21_04 4, 12, 16, 8, 5
4_15_08 8, 16, 12
8_3_00 1, 9, 13, 5, 2, 10, 14, 6
6_5_02 3, 11, 15, 7, 4, 12
6_11_14 10, 2, 6, 14, 11, 3
2_31_14 11, 3
4_21_10 7, 15, 3, 11
3_23_16 10, 2, 14
7_17_22 12, 4, 8, 16, 13, 5, 9
6_12_04 5, 13, 1, 9, 2, 10
8_20_20 11, 3, 7, 15, 12, 4, 8, 16
2_4_06 16, 8
4_19_20 11, 3, 7, 15
6_13_16 12, 4, 8, 16, 9, 1
4_30_06 7, 15, 3, 11
5_28_18 12, 4, 8, 16, 1
2_7_14 9, 1
6_13_12 10, 2, 6, 14, 7, 15
6_5_10 7, 15, 3, 11, 8, 16
7_30_02 5, 13, 1, 9, 14, 6, 10
8_11_06 6, 14, 2, 10, 7, 15, 3, 11
4_7_06 5, 13, 1, 9
3_19_04 3, 11, 7
6_15_16 12, 4, 8, 16, 9, 1
5_6_10 7, 15, 3, 11, 4
6_11_10 8, 16, 4, 12, 9, 1
5_31_00 4, 12, 16, 8, 9
6_28_10 8, 16, 4, 12, 5, 13
2_15_04 6, 14
7_28_16 11, 3, 7, 15, 16, 8, 12
3_5_08 6, 14, 2
4_25_12 9, 1, 5, 13
6_20_14 8, 16, 4, 12, 5, 13
7_1_12 7, 15, 3, 11, 8, 16, 4
2_19_02 2, 10
2_23_16 10, 2
3_18_06 16, 8, 12
8_16_08 8, 16, 4, 12, 5, 13, 1, 9
8_21_02 3, 11, 15, 7, 4, 12, 16, 8
2_20_22 8, 16
3_12_08 3, 11, 7
4_14_22 15, 7, 11, 3
1_26_20 9
1_19_06 12
2_20_10 2, 10
2_25_10 8, 16
7_7_08 6, 14, 2, 10, 15, 7, 11
2_3_14 8, 16
7_29_06 7, 15, 3, 11, 4, 12, 16
6_31_22 15, 7, 11, 3, 12, 4
4_10_04 5, 13, 1, 9
8_19_20 11, 3, 7, 15, 12, 4, 8, 16
6_26_02 4, 12, 16, 8, 1, 9
1_8_16 14
3_29_00 4,12, 16
1_29_00 4
3_11_16 11, 3, 15
1_16_10 13
1_5_06 5
4_26_12 9, 1, 5, 13
1_20_06 8
3_9_08 7, 15, 3
1_10_04 1
8_13_00 4, 12, 16, 8, 1, 9, 13, 5
4_24_22 13, 5, 9, 1
7_25_20 13, 5, 9, 1, 14, 6, 10
6_31_18 13, 5, 9, 1, 10, 2
5_6_18 11, 3, 7, 15, 8
3_31_02 5, 13, 9
3_10_16 7, 15, 3
2_26_16 7, 15
6_29_00 4, 12, 16, 8, 1, 9
3_20_06 16, 8, 4
3_7_16 10, 2, 14
7_20_16 9, 1, 5, 13, 14, 6, 10
2_26_12 5, 13
6_7_04 4, 12, 16, 8, 5, 13
4_21_14 9, 1, 5, 13
1_4_02 6
6_22_06 5, 13, 1, 9, 2, 10
4_25_00 3, 11, 15, 7
3_19_10 6, 14, 10
4_17_12 7, 15, 3, 11
8_7_08 6, 14, 2, 10, 7, 15, 3, 11
6_23_04 4, 12, 16, 8, 5, 13
2_5_12 8, 16
8_14_14 11, 3, 7, 15, 8, 16, 4, 12
6_23_06 5, 13, 1, 9, 6, 14
1_4_22 16
6_25_14 10, 2, 6, 14, 11, 3
3_27_08 7, 15, 11
8_3_10 6, 14, 2, 10, 7, 15, 3, 11
5_15_22 15, 7, 11, 3, 4
1_4_10 10
5_14_18 13, 5, 9, 1, 6
5_18_02 2, 10, 14, 6, 15
6_10_02 4, 12, 16, 8, 1, 9
5_22_14 9, 1, 5, 13, 6
1_13_16 12
2_7_20 12, 4
3_4_02 14, 6, 2
7_28_04 5, 13, 1, 9, 10, 2, 6
7_14_20 14, 6, 10, 2, 7, 15, 3
3_14_06 3, 11, 15
3_11_08 7, 15, 11
7_26_12 9, 1, 5, 13, 6, 14, 2
6_9_08 7, 15, 3, 11, 8, 16
8_6_16 10, 2, 6, 14, 11, 3, 7, 15
4_31_22 15, 7, 11, 3
7_6_18 11, 3, 7, 15, 8, 16, 4
7_27_18 12, 4, 8, 16, 5, 13, 1
4_18_12 7, 15, 3, 11
7_20_18 10, 2, 6, 14, 15, 7, 11
8_15_12 10, 2, 6, 14, 7, 15, 3, 11
5_12_14 10, 2, 6, 14, 15
8_10_02 4, 12, 16, 8, 5, 13, 1, 9
8_3_02 2, 10, 14, 6, 3, 11, 15, 7
3_31_16 12, 4, 16
8_31_12 10, 2, 6, 14, 7, 15, 3, 11
4_9_20 13, 5, 9, 1
4_30_16 12, 4, 8, 16
8_14_22 15, 7, 11, 3, 12, 4, 8, 16
3_6_10 3, 11, 15
4_23_22 13, 5, 9, 1
8_31_02 5, 13, 1, 9, 2, 10, 14, 6
7_4_22 12, 4, 8, 16, 1, 9, 13
1_16_06 11
5_6_08 6, 14, 2, 10, 3
2_15_08 8, 16
7_27_00 3, 11, 15, 7, 12, 4, 8
3_3_00 1, 9, 5
7_26_16 11, 3, 7, 15, 8, 16, 4
4_26_16 11, 3, 7, 15
6_8_22 13, 5, 9, 1, 10, 2
6_31_20 14, 6, 10, 2, 11, 3
6_17_20 11, 3, 7, 15, 12, 4
6_12_00 3, 11, 15, 7, 16, 8
5_4_20 11, 3, 7, 15, 16
8_18_00 1, 9, 13, 5, 2, 10, 14, 6
1_11_14 2
1_20_20 15
8_4_04 3, 11, 15, 7, 4, 12, 16, 8
6_29_06 7, 15, 3, 11, 4, 12
5_28_22 14, 6, 10, 2, 3
4_30_04 6, 14, 2, 10
5_7_12 8, 16, 4, 12, 1
1_2_06 16
7_20_06 4, 12, 16, 8, 9, 1, 5
2_31_18 13, 5
5_22_02 3, 11, 15, 7, 16
2_25_00 3, 11
8_23_16 10, 2, 6, 14, 11, 3, 7, 15
3_1_10 6, 14, 2
1_25_00 3
6_21_10 7, 15, 3, 11, 8, 16
6_2_22 12, 4, 8, 16, 9, 1
1_10_16 7
4_25_14 10, 2, 6, 14
2_2_10 2, 10
3_5_04 4, 12, 16
8_22_14 9, 1, 5, 13, 10, 2, 6, 14
5_19_20 11, 3, 7, 15, 4
3_12_02 16, 8, 4
4_11_04 5, 13, 1, 9
1_23_02 11
8_27_04 5, 13, 1, 9, 6, 14, 2, 10
4_19_18 10, 2, 6, 14
8_8_12 8, 16, 4, 12, 9, 1, 5, 13
8_13_18 13, 5, 9, 1, 10, 2, 6, 14
6_11_20 13, 5, 9, 1, 14, 6
1_17_04 3
3_29_02 5, 13, 1
1_4_20 15
4_12_10 8, 16, 4, 12
2_20_08 1, 9
7_28_00 3, 11, 15, 7, 8, 16, 4
3_15_14 11, 3, 15
7_14_12 10, 2, 6, 14, 3, 11, 15
2_20_16 5, 13
6_21_08 6, 14, 2, 10, 7, 15
1_27_20 5
8_7_12 8, 16, 4, 12, 9, 1, 5, 13
4_9_02 4, 12, 16, 8
1_6_18 7
8_14_16 12, 4, 8, 16, 9, 1, 5, 13
5_27_02 4, 12, 16, 8, 13
1_16_04 10
4_16_04 6, 14, 2, 10
8_26_08 7, 15, 3, 11, 8, 16, 4, 12
4_8_18 11, 3, 7, 15
2_17_04 3, 11
3_10_04 1, 9, 13
6_3_20 11, 3, 7, 15, 12, 4
1_31_16 4
8_7_14 9, 1, 5, 13, 10, 2, 6, 14
1_10_18 8
7_17_14 8, 16, 4, 12, 9, 1, 5
7_15_00 4, 12, 16, 8, 9, 1, 5
4_6_02 3, 11, 15, 7
8_31_20 14, 6, 10, 2, 11, 3, 7, 15
6_18_12 7, 15, 3, 11, 4, 12
4_10_00 3, 11, 15, 7
3_20_18 6, 14, 10
7_5_22 13, 5, 9, 1, 14, 6, 10
2_25_14 10, 2
7_23_04 4, 12, 16, 8, 13, 5, 9
8_26_04 5, 13, 1, 9, 6, 14, 2, 10
2_17_10 6, 14
1_27_22 6
6_28_18 12, 4, 8, 16, 9, 1
5_21_20 12, 4, 8, 16, 13
5_19_22 12, 4, 8, 16, 5
2_12_14 6, 14
7_20_20 11, 3, 7, 15, 16, 8, 12
1_22_18 7
5_17_06 4, 12, 16, 8, 5
2_21_16 10, 2
5_9_12 9, 1, 5, 13, 10
5_19_06 4, 12, 16, 8, 13
2_4_10 2, 10
5_11_14 10, 2, 6, 14, 3
1_14_10 5
4_14_02 5, 13, 1, 9
3_24_10 3, 11, 7
5_21_14 9, 1, 5, 13, 10
2_10_12 5, 13
7_31_00 4, 12, 16, 8, 9, 1, 5
6_12_02 4, 12, 16, 8, 1, 9
7_8_10 7, 15, 3, 11, 12, 4, 8
1_1_22 12
6_13_06 7, 15, 3, 11, 4, 12
1_1_04 3
3_14_04 2, 10, 14
1_2_04 15
8_7_20 12, 4, 8, 16, 13, 5, 9, 1
3_6_04 16, 8, 12
1_13_02 5
8_1_16 9, 1, 5, 13, 10, 2, 6, 14
2_4_08 1, 9
7_5_12 8, 16, 4, 12, 9, 1, 5
6_4_16 9, 1, 5, 13, 6, 14
1_15_12 2
5_31_06 7, 15, 3, 11, 12
1_20_04 7
7_2_10 6, 14, 2, 10, 3, 11, 15
6_22_02 3, 11, 15, 7, 16, 8
6_31_10 9, 1, 5, 13, 6, 14
1_10_02 16
2_7_02 3, 11
8_29_16 12, 4, 8, 16, 9, 1, 5, 13
5_4_14 8, 16, 4, 12, 13
2_31_22 15, 7
7_19_14 8, 16, 4, 12, 1, 9, 13
8_7_10 7, 15, 3, 11, 8, 16, 4, 12
3_10_02 16, 8, 12
6_12_14 10, 2, 6, 14, 7, 15
6_10_10 8, 16, 4, 12, 5, 13
3_22_10 3, 11, 15
5_13_14 11, 3, 7, 15, 8
7_24_10 7, 15, 3, 11, 12, 4, 8
8_24_08 6, 14, 2, 10, 7, 15, 3, 11
5_31_12 10, 2, 6, 14, 15
4_17_00 1, 9, 13, 5
6_9_20 13, 5, 9, 1, 14, 6
8_9_20 13, 5, 9, 1, 14, 6, 10, 2
8_23_22 13, 5, 9, 1, 14, 6, 10, 2
6_9_02 4, 12, 16, 8, 5, 13
3_18_10 2, 10, 14
7_14_10 9, 1, 5, 13, 2, 10, 14
5_17_02 2, 10, 14, 6, 3
3_25_18 12, 4, 8
4_28_04 5, 13, 1, 9
6_12_06 6, 14, 2, 10, 3, 11
2_31_04 6, 14
7_11_06 6, 14, 2, 10, 15, 7, 11
7_6_16 10, 2, 6, 14, 7, 15, 3
4_6_06 5, 13, 1, 9
1_29_22 15
5_19_00 1, 9, 13, 5, 10
5_24_16 10, 2, 6, 14, 15
3_28_04 1, 9, 5
7_18_12 7, 15, 3, 11, 4, 12, 16
2_26_22 10, 2
7_16_02 5, 13, 1, 9, 6, 14, 2
7_24_00 2, 10, 14, 6, 7, 15, 3
3_9_02 4, 12, 16
7_16_06 7, 15, 3, 11, 8, 16, 4
5_13_18 13, 5, 9, 1, 10
3_23_08 6, 14, 10
4_11_00 3, 11, 15, 7
4_8_16 10, 2, 6, 14
1_8_08 10
7_27_02 4, 12, 16, 8, 13, 5, 9
8_7_18 11, 3, 7, 15, 12, 4, 8, 16
1_19_22 4
6_3_06 4, 12, 16, 8, 5, 13
6_18_02 2, 10, 14, 6, 15, 7
2_15_14 11, 3
2_20_20 7, 15
1_28_18 16
4_26_02 4, 12, 16, 8
8_4_08 5, 13, 1, 9, 6, 14, 2, 10
4_23_02 3, 11, 15, 7
7_29_18 13, 5, 9, 1, 10, 2, 6
4_11_18 12, 4, 8, 16
4_27_06 6, 14, 2, 10
6_11_18 12, 4, 8, 16, 13, 5
8_3_04 3, 11, 15, 7, 4, 12, 16, 8
3_27_14 10, 2, 14
2_26_18 8, 16
5_2_12 7, 15, 3, 11, 4
7_12_12 9, 1, 5, 13, 14, 6, 10
1_25_16 11
3_2_08 1, 9, 13
8_19_04 3, 11, 15, 7, 4, 12, 16, 8
4_13_00 4,12, 16, 8
5_16_10 9, 1, 5, 13, 10
8_27_00 3, 11, 15, 7, 4, 12, 16, 8
6_7_02 3, 11, 15, 7, 4, 12
5_1_18 10, 2, 6, 14, 11
2_21_06 5, 13
6_8_00 2, 10, 14, 6, 15, 7
6_31_16 12, 4, 8, 16, 9, 1
3_12_10 4, 12, 8
2_7_08 6, 14
5_16_14 11, 3, 7, 15, 12
7_5_14 9, 1, 5, 13, 10, 2, 6
7_16_00 4, 12, 16, 8, 5, 13, 1
3_19_18 10, 2, 14
5_4_12 7, 15, 3, 11, 12
1_18_20 7
7_7_16 10, 2, 6, 14, 3, 11, 15
6_22_18 11, 3, 7, 15, 8, 16
8_1_14 8, 16, 4, 12, 9, 1, 5, 13
8_13_12 10, 2, 6, 14, 7, 15, 3, 11
1_22_14 5
8_1_00 1, 9, 13, 5, 2, 10, 14, 6
8_7_22 13, 5, 9, 1, 14, 6, 10, 2
5_10_12 9, 1, 5, 13, 6
7_7_20 12, 4, 8, 16, 5, 13, 1
8_14_06 7, 15, 3, 11, 4, 12, 16, 8
7_4_12 7, 15, 3, 11, 12, 4, 8
7_31_02 5, 13, 1, 9, 10, 2, 6
7_23_14 9, 1, 5, 13, 2, 10, 14
4_12_04 5, 13, 1, 9
5_31_08 8, 16, 4, 12, 13
1_12_04 9
7_15_10 9, 1, 5, 13, 14, 6, 10
2_10_22 10, 2
5_29_08 8, 16, 4, 12, 5
5_31_18 13, 5, 9, 1, 2
3_19_00 1, 9, 5
5_20_14 8, 16, 4, 12, 13
1_4_00 5
5_6_00 2, 10, 14, 6, 15
6_20_02 2, 10, 14, 6, 15, 7
3_16_14 7, 15, 11
7_2_18 10, 2, 6, 14, 7, 15, 3
