   BST_find |  BST_insert |     LSA_find |  LSA_insert | 

              1           15819               1               0 

              2           15819               2               0 

              2           15819               3               0 

              3           15819               4               0 

              3           15819               5               0 

              4           15819               6               0 

              4           15819               7               0 

              4           15819               8               0 

              3           15819               9               0 

              5           15819              10               0 

              5           15819              11               0 

              4           15819              12               0 

              5           15819              13               0 

              5           15819              14               0 

              6           15819              15               0 

              5           15819              16               0 

              7           15819              17               0 

              8           15819              18               0 

              6           15819              19               0 

              6           15819              20               0 

              5           15819              21               0 

              6           15819              22               0 

              6           15819              23               0 

              7           15819              24               0 

              7           15819              25               0 

              6           15819              26               0 

              8           15819              27               0 

              7           15819              28               0 

              7           15819              29               0 

              5           15819              30               0 

              7           15819              31               0 

              9           15819              32               0 

              7           15819              33               0 

              9           15819              34               0 

              8           15819              35               0 

              8           15819              36               0 

              8           15819              37               0 

              6           15819              38               0 

              5           15819              39               0 

              6           15819              40               0 

              8           15819              41               0 

              6           15819              42               0 

             10           15819              43               0 

              4           15819              44               0 

              8           15819              45               0 

              7           15819              46               0 

              6           15819              47               0 

              7           15819              48               0 

              7           15819              49               0 

              7           15819              50               0 

              7           15819              51               0 

              7           15819              52               0 

              8           15819              53               0 

              9           15819              54               0 

              8           15819              55               0 

              9           15819              56               0 

             10           15819              57               0 

              8           15819              58               0 

              8           15819              59               0 

             11           15819              60               0 

              7           15819              61               0 

              9           15819              62               0 

             10           15819              63               0 

             11           15819              64               0 

              7           15819              65               0 

             10           15819              66               0 

              6           15819              67               0 

              9           15819              68               0 

             11           15819              69               0 

              9           15819              70               0 

              6           15819              71               0 

              9           15819              72               0 

              6           15819              73               0 

             10           15819              74               0 

              8           15819              75               0 

              6           15819              76               0 

              5           15819              77               0 

              7           15819              78               0 

             12           15819              79               0 

              3           15819              80               0 

             11           15819              81               0 

              7           15819              82               0 

              8           15819              83               0 

             12           15819              84               0 

              9           15819              85               0 

              8           15819              86               0 

              9           15819              87               0 

              7           15819              88               0 

              8           15819              89               0 

              8           15819              90               0 

             10           15819              91               0 

              6           15819              92               0 

              9           15819              93               0 

             11           15819              94               0 

              9           15819              95               0 

              6           15819              96               0 

              8           15819              97               0 

              9           15819              98               0 

             13           15819              99               0 

             10           15819             100               0 

             11           15819             101               0 

              9           15819             102               0 

             12           15819             103               0 

              7           15819             104               0 

             11           15819             105               0 

             13           15819             106               0 

             10           15819             107               0 

              8           15819             108               0 

              8           15819             109               0 

              9           15819             110               0 

             10           15819             111               0 

              9           15819             112               0 

              9           15819             113               0 

             10           15819             114               0 

             12           15819             115               0 

              4           15819             116               0 

              9           15819             117               0 

             10           15819             118               0 

              7           15819             119               0 

             10           15819             120               0 

             11           15819             121               0 

             11           15819             122               0 

             11           15819             123               0 

             12           15819             124               0 

             10           15819             125               0 

             12           15819             126               0 

             12           15819             127               0 

              9           15819             128               0 

              9           15819             129               0 

             13           15819             130               0 

              4           15819             131               0 

             11           15819             132               0 

              7           15819             133               0 

              9           15819             134               0 

             10           15819             135               0 

              7           15819             136               0 

              9           15819             137               0 

             10           15819             138               0 

              4           15819             139               0 

             11           15819             140               0 

             10           15819             141               0 

             10           15819             142               0 

             11           15819             143               0 

              7           15819             144               0 

             10           15819             145               0 

             10           15819             146               0 

              8           15819             147               0 

             14           15819             148               0 

             14           15819             149               0 

             14           15819             150               0 

              8           15819             151               0 

             12           15819             152               0 

             13           15819             153               0 

             11           15819             154               0 

              5           15819             155               0 

              9           15819             156               0 

             11           15819             157               0 

             10           15819             158               0 

             10           15819             159               0 

             12           15819             160               0 

             14           15819             161               0 

              9           15819             162               0 

              5           15819             163               0 

             10           15819             164               0 

             10           15819             165               0 

             11           15819             166               0 

             11           15819             167               0 

              9           15819             168               0 

              8           15819             169               0 

              6           15819             170               0 

             12           15819             171               0 

             11           15819             172               0 

              8           15819             173               0 

             10           15819             174               0 

              8           15819             175               0 

              9           15819             176               0 

              8           15819             177               0 

             13           15819             178               0 

             10           15819             179               0 

              6           15819             180               0 

             11           15819             181               0 

             11           15819             182               0 

             10           15819             183               0 

             11           15819             184               0 

              8           15819             185               0 

             13           15819             186               0 

             11           15819             187               0 

              8           15819             188               0 

             12           15819             189               0 

             13           15819             190               0 

             13           15819             191               0 

             11           15819             192               0 

             13           15819             193               0 

             11           15819             194               0 

             10           15819             195               0 

              7           15819             196               0 

              7           15819             197               0 

              9           15819             198               0 

             12           15819             199               0 

             14           15819             200               0 

             10           15819             201               0 

              6           15819             202               0 

             14           15819             203               0 

             10           15819             204               0 

             12           15819             205               0 

              8           15819             206               0 

             14           15819             207               0 

             11           15819             208               0 

              6           15819             209               0 

             12           15819             210               0 

             11           15819             211               0 

              9           15819             212               0 

             11           15819             213               0 

             11           15819             214               0 

             13           15819             215               0 

             14           15819             216               0 

             10           15819             217               0 

              6           15819             218               0 

             11           15819             219               0 

              9           15819             220               0 

             12           15819             221               0 

             12           15819             222               0 

             13           15819             223               0 

             14           15819             224               0 

             14           15819             225               0 

             13           15819             226               0 

             12           15819             227               0 

             12           15819             228               0 

             15           15819             229               0 

             13           15819             230               0 

             11           15819             231               0 

             10           15819             232               0 

             13           15819             233               0 

             13           15819             234               0 

             11           15819             235               0 

             14           15819             236               0 

             14           15819             237               0 

              8           15819             238               0 

             10           15819             239               0 

              9           15819             240               0 

             12           15819             241               0 

             13           15819             242               0 

             14           15819             243               0 

             12           15819             244               0 

             11           15819             245               0 

             12           15819             246               0 

              9           15819             247               0 

             15           15819             248               0 

             10           15819             249               0 

             11           15819             250               0 

             14           15819             251               0 

             10           15819             252               0 

             15           15819             253               0 

             15           15819             254               0 

             12           15819             255               0 

             12           15819             256               0 

             14           15819             257               0 

             11           15819             258               0 

             10           15819             259               0 

             13           15819             260               0 

              8           15819             261               0 

             13           15819             262               0 

              9           15819             263               0 

             14           15819             264               0 

             15           15819             265               0 

             13           15819             266               0 

              9           15819             267               0 

              5           15819             268               0 

             10           15819             269               0 

              9           15819             270               0 

             16           15819             271               0 

             11           15819             272               0 

             11           15819             273               0 

             11           15819             274               0 

             15           15819             275               0 

             15           15819             276               0 

             11           15819             277               0 

             12           15819             278               0 

             11           15819             279               0 

              8           15819             280               0 

              8           15819             281               0 

             13           15819             282               0 

              9           15819             283               0 

             14           15819             284               0 

             12           15819             285               0 

             14           15819             286               0 

             16           15819             287               0 

             10           15819             288               0 

             10           15819             289               0 

             10           15819             290               0 

             16           15819             291               0 

             12           15819             292               0 

              9           15819             293               0 

             16           15819             294               0 

             14           15819             295               0 

             12           15819             296               0 

             10           15819             297               0 

             12           15819             298               0 

             11           15819             299               0 

              8           15819             300               0 

             11           15819             301               0 

             13           15819             302               0 

             12           15819             303               0 

             13           15819             304               0 

             12           15819             305               0 

             12           15819             306               0 

             14           15819             307               0 

             10           15819             308               0 

              7           15819             309               0 

             17           15819             310               0 

             14           15819             311               0 

              8           15819             312               0 

              7           15819             313               0 

              8           15819             314               0 

             15           15819             315               0 

             15           15819             316               0 

             12           15819             317               0 

             10           15819             318               0 

              7           15819             319               0 

             14           15819             320               0 

             11           15819             321               0 

             14           15819             322               0 

              9           15819             323               0 

             15           15819             324               0 

             15           15819             325               0 

             13           15819             326               0 

             12           15819             327               0 

             16           15819             328               0 

              9           15819             329               0 

             11           15819             330               0 

             10           15819             331               0 

             13           15819             332               0 

             12           15819             333               0 

             13           15819             334               0 

             10           15819             335               0 

             13           15819             336               0 

              9           15819             337               0 

             13           15819             338               0 

             11           15819             339               0 

             14           15819             340               0 

             15           15819             341               0 

             11           15819             342               0 

             15           15819             343               0 

             12           15819             344               0 

             11           15819             345               0 

             16           15819             346               0 

             11           15819             347               0 

             11           15819             348               0 

              7           15819             349               0 

             13           15819             350               0 

              8           15819             351               0 

             10           15819             352               0 

             12           15819             353               0 

             13           15819             354               0 

              7           15819             355               0 

             11           15819             356               0 

             13           15819             357               0 

             13           15819             358               0 

             12           15819             359               0 

             10           15819             360               0 

              8           15819             361               0 

             12           15819             362               0 

             12           15819             363               0 

             11           15819             364               0 

             13           15819             365               0 

             10           15819             366               0 

             16           15819             367               0 

             15           15819             368               0 

              9           15819             369               0 

             14           15819             370               0 

             15           15819             371               0 

             13           15819             372               0 

             13           15819             373               0 

             11           15819             374               0 

             16           15819             375               0 

             11           15819             376               0 

             15           15819             377               0 

             12           15819             378               0 

             13           15819             379               0 

             16           15819             380               0 

             13           15819             381               0 

              5           15819             382               0 

              8           15819             383               0 

             12           15819             384               0 

             12           15819             385               0 

             14           15819             386               0 

             17           15819             387               0 

              9           15819             388               0 

             14           15819             389               0 

             12           15819             390               0 

             14           15819             391               0 

             10           15819             392               0 

              9           15819             393               0 

             11           15819             394               0 

              7           15819             395               0 

             15           15819             396               0 

             11           15819             397               0 

             14           15819             398               0 

             12           15819             399               0 

             13           15819             400               0 

             10           15819             401               0 

             12           15819             402               0 

             17           15819             403               0 

             13           15819             404               0 

             13           15819             405               0 

             10           15819             406               0 

              9           15819             407               0 

              9           15819             408               0 

             17           15819             409               0 

             13           15819             410               0 

             14           15819             411               0 

             15           15819             412               0 

             16           15819             413               0 

             11           15819             414               0 

             17           15819             415               0 

              7           15819             416               0 

             16           15819             417               0 

             12           15819             418               0 

             12           15819             419               0 

              9           15819             420               0 

             12           15819             421               0 

             15           15819             422               0 

             16           15819             423               0 

             16           15819             424               0 

              9           15819             425               0 

             11           15819             426               0 

             17           15819             427               0 

             13           15819             428               0 

             10           15819             429               0 

              6           15819             430               0 

             14           15819             431               0 

             17           15819             432               0 

             18           15819             433               0 

             13           15819             434               0 

             11           15819             435               0 

             18           15819             436               0 

             10           15819             437               0 

             11           15819             438               0 

             17           15819             439               0 

             13           15819             440               0 

             10           15819             441               0 

              8           15819             442               0 

             14           15819             443               0 

             19           15819             444               0 

             16           15819             445               0 

             14           15819             446               0 

             11           15819             447               0 

             11           15819             448               0 

             12           15819             449               0 

             15           15819             450               0 

             12           15819             451               0 

             13           15819             452               0 

             14           15819             453               0 

             11           15819             454               0 

             13           15819             455               0 

              8           15819             456               0 

             14           15819             457               0 

             10           15819             458               0 

             18           15819             459               0 

             11           15819             460               0 

             17           15819             461               0 

             12           15819             462               0 

             13           15819             463               0 

             12           15819             464               0 

             15           15819             465               0 

             12           15819             466               0 

             14           15819             467               0 

              9           15819             468               0 

             15           15819             469               0 

             13           15819             470               0 

             13           15819             471               0 

             12           15819             472               0 

             18           15819             473               0 

             12           15819             474               0 

              9           15819             475               0 

             13           15819             476               0 

             13           15819             477               0 

             11           15819             478               0 

             12           15819             479               0 

             15           15819             480               0 

             15           15819             481               0 

              8           15819             482               0 

             17           15819             483               0 

             12           15819             484               0 

             13           15819             485               0 

             12           15819             486               0 

             15           15819             487               0 

             18           15819             488               0 

             17           15819             489               0 

             13           15819             490               0 

             11           15819             491               0 

             11           15819             492               0 

             12           15819             493               0 

             11           15819             494               0 

             12           15819             495               0 

             13           15819             496               0 

             12           15819             497               0 

              9           15819             498               0 

             11           15819             499               0 

             18           15819             500               0 

             14           15819             501               0 

             12           15819             502               0 

              6           15819             503               0 

             14           15819             504               0 

             12           15819             505               0 

             16           15819             506               0 

             15           15819             507               0 

             18           15819             508               0 

             11           15819             509               0 

             15           15819             510               0 

             11           15819             511               0 

             10           15819             512               0 

             16           15819             513               0 

             10           15819             514               0 

             10           15819             515               0 

             13           15819             516               0 

             15           15819             517               0 

             19           15819             518               0 

             15           15819             519               0 

             17           15819             520               0 

              8           15819             521               0 

             14           15819             522               0 

             15           15819             523               0 

             13           15819             524               0 

             10           15819             525               0 

             12           15819             526               0 

             19           15819             527               0 

             11           15819             528               0 

             17           15819             529               0 

             11           15819             530               0 

             12           15819             531               0 

             13           15819             532               0 

             14           15819             533               0 

             11           15819             534               0 

             13           15819             535               0 

             15           15819             536               0 

              8           15819             537               0 

             11           15819             538               0 

             11           15819             539               0 

             13           15819             540               0 

             19           15819             541               0 

             14           15819             542               0 

             16           15819             543               0 

             15           15819             544               0 

             18           15819             545               0 

             14           15819             546               0 

             18           15819             547               0 

             12           15819             548               0 

             11           15819             549               0 

             14           15819             550               0 

              9           15819             551               0 

             12           15819             552               0 

             14           15819             553               0 

             16           15819             554               0 

             11           15819             555               0 

             15           15819             556               0 

             13           15819             557               0 

             17           15819             558               0 

             12           15819             559               0 

             16           15819             560               0 

              9           15819             561               0 

             11           15819             562               0 

              7           15819             563               0 

              8           15819             564               0 

             12           15819             565               0 

             11           15819             566               0 

             14           15819             567               0 

              8           15819             568               0 

             11           15819             569               0 

             15           15819             570               0 

             12           15819             571               0 

             10           15819             572               0 

             11           15819             573               0 

             16           15819             574               0 

             12           15819             575               0 

             15           15819             576               0 

              8           15819             577               0 

             12           15819             578               0 

             12           15819             579               0 

             13           15819             580               0 

             16           15819             581               0 

             14           15819             582               0 

             14           15819             583               0 

             11           15819             584               0 

             12           15819             585               0 

             11           15819             586               0 

             14           15819             587               0 

             14           15819             588               0 

             18           15819             589               0 

             17           15819             590               0 

             10           15819             591               0 

             14           15819             592               0 

             17           15819             593               0 

             13           15819             594               0 

             13           15819             595               0 

             12           15819             596               0 

             15           15819             597               0 

             16           15819             598               0 

             14           15819             599               0 

             13           15819             600               0 

             10           15819             601               0 

             13           15819             602               0 

             12           15819             603               0 

             12           15819             604               0 

             12           15819             605               0 

             17           15819             606               0 

             13           15819             607               0 

             12           15819             608               0 

             12           15819             609               0 

             12           15819             610               0 

             14           15819             611               0 

             16           15819             612               0 

             10           15819             613               0 

             14           15819             614               0 

             12           15819             615               0 

             16           15819             616               0 

             11           15819             617               0 

             14           15819             618               0 

              7           15819             619               0 

             18           15819             620               0 

              9           15819             621               0 

             12           15819             622               0 

             14           15819             623               0 

             13           15819             624               0 

              9           15819             625               0 

             14           15819             626               0 

             12           15819             627               0 

             12           15819             628               0 

              9           15819             629               0 

             13           15819             630               0 

             13           15819             631               0 

             18           15819             632               0 

             14           15819             633               0 

             11           15819             634               0 

             14           15819             635               0 

             10           15819             636               0 

             10           15819             637               0 

             12           15819             638               0 

             12           15819             639               0 

             11           15819             640               0 

             13           15819             641               0 

             12           15819             642               0 

             13           15819             643               0 

             13           15819             644               0 

             15           15819             645               0 

             10           15819             646               0 

             14           15819             647               0 

             12           15819             648               0 

              8           15819             649               0 

             12           15819             650               0 

              8           15819             651               0 

              8           15819             652               0 

             14           15819             653               0 

             17           15819             654               0 

              9           15819             655               0 

             14           15819             656               0 

              5           15819             657               0 

              9           15819             658               0 

             14           15819             659               0 

              8           15819             660               0 

             13           15819             661               0 

             14           15819             662               0 

             12           15819             663               0 

             12           15819             664               0 

             15           15819             665               0 

             17           15819             666               0 

             17           15819             667               0 

             14           15819             668               0 

             13           15819             669               0 

             16           15819             670               0 

             11           15819             671               0 

             10           15819             672               0 

             15           15819             673               0 

             13           15819             674               0 

             10           15819             675               0 

              9           15819             676               0 

             16           15819             677               0 

             12           15819             678               0 

             15           15819             679               0 

              8           15819             680               0 

              9           15819             681               0 

             11           15819             682               0 

             15           15819             683               0 

              9           15819             684               0 

             14           15819             685               0 

             16           15819             686               0 

             18           15819             687               0 

              7           15819             688               0 

             13           15819             689               0 

             13           15819             690               0 

             14           15819             691               0 

             15           15819             692               0 

             16           15819             693               0 

             17           15819             694               0 

              8           15819             695               0 

             13           15819             696               0 

              9           15819             697               0 

             12           15819             698               0 

             11           15819             699               0 

             11           15819             700               0 

             15           15819             701               0 

             18           15819             702               0 

             13           15819             703               0 

             13           15819             704               0 

             13           15819             705               0 

             13           15819             706               0 

              7           15819             707               0 

             16           15819             708               0 

             14           15819             709               0 

             13           15819             710               0 

             18           15819             711               0 

             13           15819             712               0 

              9           15819             713               0 

             17           15819             714               0 

              9           15819             715               0 

             16           15819             716               0 

             15           15819             717               0 

             14           15819             718               0 

             11           15819             719               0 

             10           15819             720               0 

             19           15819             721               0 

             12           15819             722               0 

             13           15819             723               0 

             13           15819             724               0 

             11           15819             725               0 

              8           15819             726               0 

             13           15819             727               0 

             18           15819             728               0 

             10           15819             729               0 

             14           15819             730               0 

             19           15819             731               0 

              9           15819             732               0 

             16           15819             733               0 

              9           15819             734               0 

              8           15819             735               0 

             13           15819             736               0 

             16           15819             737               0 

             18           15819             738               0 

             15           15819             739               0 

             15           15819             740               0 

             15           15819             741               0 

             13           15819             742               0 

             16           15819             743               0 

             12           15819             744               0 

             13           15819             745               0 

             16           15819             746               0 

             10           15819             747               0 

             11           15819             748               0 

             12           15819             749               0 

             14           15819             750               0 

             11           15819             751               0 

             14           15819             752               0 

             14           15819             753               0 

              9           15819             754               0 

             17           15819             755               0 

             16           15819             756               0 

             11           15819             757               0 

             15           15819             758               0 

             16           15819             759               0 

             16           15819             760               0 

             13           15819             761               0 

             15           15819             762               0 

             12           15819             763               0 

             15           15819             764               0 

             16           15819             765               0 

             15           15819             766               0 

             13           15819             767               0 

             14           15819             768               0 

             13           15819             769               0 

              7           15819             770               0 

             16           15819             771               0 

             18           15819             772               0 

             14           15819             773               0 

             16           15819             774               0 

             19           15819             775               0 

             13           15819             776               0 

             16           15819             777               0 

             18           15819             778               0 

             16           15819             779               0 

             11           15819             780               0 

             10           15819             781               0 

             11           15819             782               0 

             13           15819             783               0 

             12           15819             784               0 

             13           15819             785               0 

             18           15819             786               0 

             19           15819             787               0 

             16           15819             788               0 

             15           15819             789               0 

              8           15819             790               0 

              9           15819             791               0 

             13           15819             792               0 

              9           15819             793               0 

              8           15819             794               0 

             12           15819             795               0 

             13           15819             796               0 

             14           15819             797               0 

             15           15819             798               0 

             19           15819             799               0 

             20           15819             800               0 

             10           15819             801               0 

             13           15819             802               0 

             10           15819             803               0 

             13           15819             804               0 

             10           15819             805               0 

             10           15819             806               0 

             18           15819             807               0 

              9           15819             808               0 

             10           15819             809               0 

             14           15819             810               0 

             20           15819             811               0 

             16           15819             812               0 

              8           15819             813               0 

             15           15819             814               0 

             12           15819             815               0 

             10           15819             816               0 

             13           15819             817               0 

             14           15819             818               0 

             14           15819             819               0 

             12           15819             820               0 

             16           15819             821               0 

             15           15819             822               0 

             12           15819             823               0 

             15           15819             824               0 

             17           15819             825               0 

             14           15819             826               0 

             15           15819             827               0 

              9           15819             828               0 

             15           15819             829               0 

             14           15819             830               0 

             16           15819             831               0 

             17           15819             832               0 

             12           15819             833               0 

             13           15819             834               0 

             11           15819             835               0 

             10           15819             836               0 

             12           15819             837               0 

             17           15819             838               0 

             11           15819             839               0 

             11           15819             840               0 

             14           15819             841               0 

             19           15819             842               0 

             13           15819             843               0 

             14           15819             844               0 

             11           15819             845               0 

             17           15819             846               0 

             17           15819             847               0 

             13           15819             848               0 

             15           15819             849               0 

             11           15819             850               0 

             12           15819             851               0 

             16           15819             852               0 

             17           15819             853               0 

             18           15819             854               0 

             13           15819             855               0 

             17           15819             856               0 

             12           15819             857               0 

             15           15819             858               0 

             13           15819             859               0 

              9           15819             860               0 

             18           15819             861               0 

             15           15819             862               0 

             16           15819             863               0 

             13           15819             864               0 

             16           15819             865               0 

             16           15819             866               0 

             13           15819             867               0 

             15           15819             868               0 

             14           15819             869               0 

             15           15819             870               0 

             13           15819             871               0 

             12           15819             872               0 

             11           15819             873               0 

             15           15819             874               0 

             12           15819             875               0 

             19           15819             876               0 

             15           15819             877               0 

             10           15819             878               0 

             17           15819             879               0 

              9           15819             880               0 

             10           15819             881               0 

             15           15819             882               0 

              9           15819             883               0 

             14           15819             884               0 

             16           15819             885               0 

             15           15819             886               0 

             19           15819             887               0 

             13           15819             888               0 

             15           15819             889               0 

             20           15819             890               0 

             18           15819             891               0 

             15           15819             892               0 

             17           15819             893               0 

             19           15819             894               0 

             18           15819             895               0 

             13           15819             896               0 

             15           15819             897               0 

             15           15819             898               0 

             15           15819             899               0 

             14           15819             900               0 

             17           15819             901               0 

             14           15819             902               0 

             12           15819             903               0 

             16           15819             904               0 

             15           15819             905               0 

             14           15819             906               0 

             15           15819             907               0 

             13           15819             908               0 

             17           15819             909               0 

             12           15819             910               0 

             16           15819             911               0 

             16           15819             912               0 

             11           15819             913               0 

             12           15819             914               0 

             18           15819             915               0 

              8           15819             916               0 

             15           15819             917               0 

             14           15819             918               0 

             16           15819             919               0 

             13           15819             920               0 

             20           15819             921               0 

             15           15819             922               0 

             11           15819             923               0 

             17           15819             924               0 

             13           15819             925               0 

             17           15819             926               0 

             10           15819             927               0 

             15           15819             928               0 

             11           15819             929               0 

             16           15819             930               0 

              9           15819             931               0 

             20           15819             932               0 

             21           15819             933               0 

             11           15819             934               0 

             19           15819             935               0 

             10           15819             936               0 

             11           15819             937               0 

             14           15819             938               0 

             12           15819             939               0 

             21           15819             940               0 

             12           15819             941               0 

              9           15819             942               0 

             14           15819             943               0 

             19           15819             944               0 

             16           15819             945               0 

             11           15819             946               0 

             14           15819             947               0 

             14           15819             948               0 

             11           15819             949               0 

             13           15819             950               0 

             15           15819             951               0 

             16           15819             952               0 

             11           15819             953               0 

             11           15819             954               0 

             16           15819             955               0 

             11           15819             956               0 

             10           15819             957               0 

             12           15819             958               0 

             15           15819             959               0 

             14           15819             960               0 

             20           15819             961               0 

             17           15819             962               0 

             12           15819             963               0 

             17           15819             964               0 

             14           15819             965               0 

             12           15819             966               0 

             10           15819             967               0 

             10           15819             968               0 

             15           15819             969               0 

             18           15819             970               0 

             15           15819             971               0 

             18           15819             972               0 

              9           15819             973               0 

              6           15819             974               0 

             18           15819             975               0 

             11           15819             976               0 

             11           15819             977               0 

             17           15819             978               0 

             11           15819             979               0 

             16           15819             980               0 

             16           15819             981               0 

              9           15819             982               0 

             10           15819             983               0 

             14           15819             984               0 

             20           15819             985               0 

             19           15819             986               0 

             12           15819             987               0 

             12           15819             988               0 

             16           15819             989               0 

             15           15819             990               0 

             13           15819             991               0 

              9           15819             992               0 

             17           15819             993               0 

             18           15819             994               0 

             15           15819             995               0 

             16           15819             996               0 

             14           15819             997               0 

             11           15819             998               0 

             14           15819             999               0 

             15           15819            1000               0 

             17           15819            1001               0 

             10           15819            1002               0 

             10           15819            1003               0 

             20           15819            1004               0 

             17           15819            1005               0 

             13           15819            1006               0 

             15           15819            1007               0 

             15           15819            1008               0 

             16           15819            1009               0 

             15           15819            1010               0 

             19           15819            1011               0 

             17           15819            1012               0 

             18           15819            1013               0 

             17           15819            1014               0 

             15           15819            1015               0 

             18           15819            1016               0 

             14           15819            1017               0 

             10           15819            1018               0 

             17           15819            1019               0 

             10           15819            1020               0 

             16           15819            1021               0 

             12           15819            1022               0 

             14           15819            1023               0 

             10           15819            1024               0 

             13           15819            1025               0 

              6           15819            1026               0 

             10           15819            1027               0 

             13           15819            1028               0 

             12           15819            1029               0 

             14           15819            1030               0 

             13           15819            1031               0 

             14           15819            1032               0 

             15           15819            1033               0 

             13           15819            1034               0 

              9           15819            1035               0 

             17           15819            1036               0 

             11           15819            1037               0 

             12           15819            1038               0 

             13           15819            1039               0 

             13           15819            1040               0 

             15           15819            1041               0 

             15           15819            1042               0 

             20           15819            1043               0 

             16           15819            1044               0 

             14           15819            1045               0 

             13           15819            1046               0 

             20           15819            1047               0 

             13           15819            1048               0 

             13           15819            1049               0 

             15           15819            1050               0 

             18           15819            1051               0 

             15           15819            1052               0 

             16           15819            1053               0 

             15           15819            1054               0 

             14           15819            1055               0 

             10           15819            1056               0 

             18           15819            1057               0 

             14           15819            1058               0 

             15           15819            1059               0 

             20           15819            1060               0 

             10           15819            1061               0 

             13           15819            1062               0 

             15           15819            1063               0 

             18           15819            1064               0 

             12           15819            1065               0 

             11           15819            1066               0 

             12           15819            1067               0 

             16           15819            1068               0 

             13           15819            1069               0 

             13           15819            1070               0 

             12           15819            1071               0 

             16           15819            1072               0 

             17           15819            1073               0 

             13           15819            1074               0 

             12           15819            1075               0 

             18           15819            1076               0 

              7           15819            1077               0 

             14           15819            1078               0 

              9           15819            1079               0 

             17           15819            1080               0 

             13           15819            1081               0 

             14           15819            1082               0 

             13           15819            1083               0 

             16           15819            1084               0 

             18           15819            1085               0 

             16           15819            1086               0 

             15           15819            1087               0 

             13           15819            1088               0 

             10           15819            1089               0 

             18           15819            1090               0 

             13           15819            1091               0 

             18           15819            1092               0 

             18           15819            1093               0 

             16           15819            1094               0 

             16           15819            1095               0 

             12           15819            1096               0 

             16           15819            1097               0 

              9           15819            1098               0 

             16           15819            1099               0 

             14           15819            1100               0 

             15           15819            1101               0 

             10           15819            1102               0 

             17           15819            1103               0 

             10           15819            1104               0 

             20           15819            1105               0 

             16           15819            1106               0 

             15           15819            1107               0 

             14           15819            1108               0 

             15           15819            1109               0 

             18           15819            1110               0 

             17           15819            1111               0 

             14           15819            1112               0 

             17           15819            1113               0 

             14           15819            1114               0 

             12           15819            1115               0 

             17           15819            1116               0 

             13           15819            1117               0 

             15           15819            1118               0 

             12           15819            1119               0 

             11           15819            1120               0 

             15           15819            1121               0 

             14           15819            1122               0 

             21           15819            1123               0 

             15           15819            1124               0 

             17           15819            1125               0 

             16           15819            1126               0 

             13           15819            1127               0 

             14           15819            1128               0 

             17           15819            1129               0 

             15           15819            1130               0 

             15           15819            1131               0 

             14           15819            1132               0 

             14           15819            1133               0 

             15           15819            1134               0 

             16           15819            1135               0 

             10           15819            1136               0 

             16           15819            1137               0 

             16           15819            1138               0 

             17           15819            1139               0 

             14           15819            1140               0 

             10           15819            1141               0 

             16           15819            1142               0 

             15           15819            1143               0 

             16           15819            1144               0 

             19           15819            1145               0 

             11           15819            1146               0 

             17           15819            1147               0 

             13           15819            1148               0 

             16           15819            1149               0 

             12           15819            1150               0 

             11           15819            1151               0 

             13           15819            1152               0 

             11           15819            1153               0 

             15           15819            1154               0 

             19           15819            1155               0 

             11           15819            1156               0 

             10           15819            1157               0 

             18           15819            1158               0 

             11           15819            1159               0 

             10           15819            1160               0 

             19           15819            1161               0 

             17           15819            1162               0 

             18           15819            1163               0 

             16           15819            1164               0 

             16           15819            1165               0 

             16           15819            1166               0 

             15           15819            1167               0 

             11           15819            1168               0 

             15           15819            1169               0 

             15           15819            1170               0 

             21           15819            1171               0 

             16           15819            1172               0 

             16           15819            1173               0 

             11           15819            1174               0 

             15           15819            1175               0 

             17           15819            1176               0 

             16           15819            1177               0 

             19           15819            1178               0 

             13           15819            1179               0 

             14           15819            1180               0 

             14           15819            1181               0 

             16           15819            1182               0 

             17           15819            1183               0 

             12           15819            1184               0 

             16           15819            1185               0 

             14           15819            1186               0 

              9           15819            1187               0 

             16           15819            1188               0 

             15           15819            1189               0 

             17           15819            1190               0 

             18           15819            1191               0 

             16           15819            1192               0 

             10           15819            1193               0 

             10           15819            1194               0 

             15           15819            1195               0 

             17           15819            1196               0 

             19           15819            1197               0 

             11           15819            1198               0 

             21           15819            1199               0 

             12           15819            1200               0 

              9           15819            1201               0 

             16           15819            1202               0 

             17           15819            1203               0 

             17           15819            1204               0 

             15           15819            1205               0 

             17           15819            1206               0 

             17           15819            1207               0 

             15           15819            1208               0 

             13           15819            1209               0 

             16           15819            1210               0 

             20           15819            1211               0 

              9           15819            1212               0 

             18           15819            1213               0 

             11           15819            1214               0 

             16           15819            1215               0 

             14           15819            1216               0 

             11           15819            1217               0 

             14           15819            1218               0 

             12           15819            1219               0 

             14           15819            1220               0 

             11           15819            1221               0 

             15           15819            1222               0 

             17           15819            1223               0 

             13           15819            1224               0 

             18           15819            1225               0 

             18           15819            1226               0 

             22           15819            1227               0 

             15           15819            1228               0 

             14           15819            1229               0 

             10           15819            1230               0 

             14           15819            1231               0 

              8           15819            1232               0 

              9           15819            1233               0 

             17           15819            1234               0 

              9           15819            1235               0 

             12           15819            1236               0 

             17           15819            1237               0 

             14           15819            1238               0 

             16           15819            1239               0 

             14           15819            1240               0 

             14           15819            1241               0 

             18           15819            1242               0 

             11           15819            1243               0 

             15           15819            1244               0 

             15           15819            1245               0 

             15           15819            1246               0 

             13           15819            1247               0 

              8           15819            1248               0 

             17           15819            1249               0 

             17           15819            1250               0 

             15           15819            1251               0 

             17           15819            1252               0 

             16           15819            1253               0 

             18           15819            1254               0 

             12           15819            1255               0 

             16           15819            1256               0 

             14           15819            1257               0 

             12           15819            1258               0 

             15           15819            1259               0 

             16           15819            1260               0 

             17           15819            1261               0 

             12           15819            1262               0 

             15           15819            1263               0 

              9           15819            1264               0 

             19           15819            1265               0 

              8           15819            1266               0 

             11           15819            1267               0 

             18           15819            1268               0 

             13           15819            1269               0 

             17           15819            1270               0 

             12           15819            1271               0 

             16           15819            1272               0 

             18           15819            1273               0 

             18           15819            1274               0 

             16           15819            1275               0 

             14           15819            1276               0 

             18           15819            1277               0 

             15           15819            1278               0 

             10           15819            1279               0 

             11           15819            1280               0 

             16           15819            1281               0 

             18           15819            1282               0 

             19           15819            1283               0 

             16           15819            1284               0 

             13           15819            1285               0 

             19           15819            1286               0 

             18           15819            1287               0 

             15           15819            1288               0 

             17           15819            1289               0 

             14           15819            1290               0 

             14           15819            1291               0 

             15           15819            1292               0 

             14           15819            1293               0 

             11           15819            1294               0 

             22           15819            1295               0 

             13           15819            1296               0 

             21           15819            1297               0 

             19           15819            1298               0 

             13           15819            1299               0 

             16           15819            1300               0 

             10           15819            1301               0 

             19           15819            1302               0 

             10           15819            1303               0 

             16           15819            1304               0 

             14           15819            1305               0 

             14           15819            1306               0 

             17           15819            1307               0 

             11           15819            1308               0 

             10           15819            1309               0 

             18           15819            1310               0 

             11           15819            1311               0 

             19           15819            1312               0 

             20           15819            1313               0 

             12           15819            1314               0 

             19           15819            1315               0 

             19           15819            1316               0 

             16           15819            1317               0 

              8           15819            1318               0 

             10           15819            1319               0 

             17           15819            1320               0 

             11           15819            1321               0 

             12           15819            1322               0 

             15           15819            1323               0 

             17           15819            1324               0 

             13           15819            1325               0 

             17           15819            1326               0 

             17           15819            1327               0 

             16           15819            1328               0 

             13           15819            1329               0 

             17           15819            1330               0 

             12           15819            1331               0 

             12           15819            1332               0 

             13           15819            1333               0 

             13           15819            1334               0 

             13           15819            1335               0 

             16           15819            1336               0 

             16           15819            1337               0 

             16           15819            1338               0 

             18           15819            1339               0 

             15           15819            1340               0 

             10           15819            1341               0 

             16           15819            1342               0 

             15           15819            1343               0 

              8           15819            1344               0 

             15           15819            1345               0 

             11           15819            1346               0 

             12           15819            1347               0 

             22           15819            1348               0 

             13           15819            1349               0 

             12           15819            1350               0 

