   BST_find |  BST_insert |     LSA_find |  LSA_insert | 

              1            8054               1               0 

              2            8054               2               0 

              2            8054               3               0 

              3            8054               4               0 

              4            8054               5               0 

              3            8054               6               0 

              5            8054               7               0 

              6            8054               8               0 

              3            8054               9               0 

              5            8054              10               0 

              4            8054              11               0 

              5            8054              12               0 

              5            8054              13               0 

              4            8054              14               0 

              5            8054              15               0 

              7            8054              16               0 

              6            8054              17               0 

              6            8054              18               0 

              6            8054              19               0 

              6            8054              20               0 

              7            8054              21               0 

              4            8054              22               0 

              6            8054              23               0 

              4            8054              24               0 

              3            8054              25               0 

              5            8054              26               0 

              7            8054              27               0 

              4            8054              28               0 

              5            8054              29               0 

              6            8054              30               0 

              6            8054              31               0 

              7            8054              32               0 

              7            8054              33               0 

              6            8054              34               0 

              8            8054              35               0 

              7            8054              36               0 

              7            8054              37               0 

              4            8054              38               0 

              8            8054              39               0 

              5            8054              40               0 

              5            8054              41               0 

              6            8054              42               0 

              9            8054              43               0 

              7            8054              44               0 

              8            8054              45               0 

              6            8054              46               0 

              8            8054              47               0 

              9            8054              48               0 

              7            8054              49               0 

              8            8054              50               0 

              9            8054              51               0 

              5            8054              52               0 

             10            8054              53               0 

              6            8054              54               0 

              8            8054              55               0 

             10            8054              56               0 

              6            8054              57               0 

             10            8054              58               0 

              8            8054              59               0 

             11            8054              60               0 

              6            8054              61               0 

              7            8054              62               0 

              7            8054              63               0 

              9            8054              64               0 

              8            8054              65               0 

              4            8054              66               0 

              7            8054              67               0 

              9            8054              68               0 

              5            8054              69               0 

              8            8054              70               0 

              5            8054              71               0 

              7            8054              72               0 

              7            8054              73               0 

              9            8054              74               0 

              6            8054              75               0 

             12            8054              76               0 

              9            8054              77               0 

             10            8054              78               0 

              7            8054              79               0 

             10            8054              80               0 

              8            8054              81               0 

              5            8054              82               0 

             10            8054              83               0 

             10            8054              84               0 

              8            8054              85               0 

             11            8054              86               0 

              7            8054              87               0 

              6            8054              88               0 

              8            8054              89               0 

              9            8054              90               0 

             11            8054              91               0 

              6            8054              92               0 

             11            8054              93               0 

              8            8054              94               0 

              7            8054              95               0 

              7            8054              96               0 

              7            8054              97               0 

             11            8054              98               0 

             10            8054              99               0 

              9            8054             100               0 

              9            8054             101               0 

             12            8054             102               0 

              8            8054             103               0 

             10            8054             104               0 

              8            8054             105               0 

              5            8054             106               0 

              6            8054             107               0 

             11            8054             108               0 

              5            8054             109               0 

             12            8054             110               0 

             12            8054             111               0 

             13            8054             112               0 

              8            8054             113               0 

              6            8054             114               0 

              9            8054             115               0 

              9            8054             116               0 

             13            8054             117               0 

              8            8054             118               0 

             10            8054             119               0 

              9            8054             120               0 

              8            8054             121               0 

             11            8054             122               0 

              9            8054             123               0 

             10            8054             124               0 

              9            8054             125               0 

             10            8054             126               0 

             11            8054             127               0 

              9            8054             128               0 

             10            8054             129               0 

             13            8054             130               0 

              8            8054             131               0 

             11            8054             132               0 

             14            8054             133               0 

             11            8054             134               0 

              6            8054             135               0 

             11            8054             136               0 

              9            8054             137               0 

             10            8054             138               0 

              9            8054             139               0 

              7            8054             140               0 

             11            8054             141               0 

              8            8054             142               0 

              9            8054             143               0 

             12            8054             144               0 

             13            8054             145               0 

              8            8054             146               0 

             10            8054             147               0 

              8            8054             148               0 

             14            8054             149               0 

             12            8054             150               0 

             11            8054             151               0 

             10            8054             152               0 

             11            8054             153               0 

             12            8054             154               0 

             12            8054             155               0 

              8            8054             156               0 

             10            8054             157               0 

             11            8054             158               0 

              7            8054             159               0 

              9            8054             160               0 

              9            8054             161               0 

              9            8054             162               0 

              8            8054             163               0 

              9            8054             164               0 

              7            8054             165               0 

              9            8054             166               0 

              8            8054             167               0 

              7            8054             168               0 

             10            8054             169               0 

              8            8054             170               0 

             11            8054             171               0 

              9            8054             172               0 

              7            8054             173               0 

             11            8054             174               0 

              9            8054             175               0 

              9            8054             176               0 

              9            8054             177               0 

              9            8054             178               0 

             10            8054             179               0 

              8            8054             180               0 

              7            8054             181               0 

              7            8054             182               0 

             12            8054             183               0 

              8            8054             184               0 

              6            8054             185               0 

             13            8054             186               0 

              8            8054             187               0 

             11            8054             188               0 

             11            8054             189               0 

             10            8054             190               0 

             12            8054             191               0 

             15            8054             192               0 

             10            8054             193               0 

              7            8054             194               0 

              8            8054             195               0 

              6            8054             196               0 

             16            8054             197               0 

              9            8054             198               0 

             11            8054             199               0 

             16            8054             200               0 

             14            8054             201               0 

              7            8054             202               0 

             11            8054             203               0 

              8            8054             204               0 

             14            8054             205               0 

              7            8054             206               0 

             12            8054             207               0 

             10            8054             208               0 

             12            8054             209               0 

             14            8054             210               0 

             13            8054             211               0 

             10            8054             212               0 

             13            8054             213               0 

             14            8054             214               0 

             11            8054             215               0 

             17            8054             216               0 

             15            8054             217               0 

              7            8054             218               0 

              6            8054             219               0 

             14            8054             220               0 

             11            8054             221               0 

              9            8054             222               0 

              9            8054             223               0 

             10            8054             224               0 

              9            8054             225               0 

              6            8054             226               0 

              8            8054             227               0 

             13            8054             228               0 

              6            8054             229               0 

             13            8054             230               0 

              8            8054             231               0 

             12            8054             232               0 

              6            8054             233               0 

             13            8054             234               0 

             11            8054             235               0 

             12            8054             236               0 

             13            8054             237               0 

              8            8054             238               0 

             13            8054             239               0 

              9            8054             240               0 

             16            8054             241               0 

             13            8054             242               0 

              9            8054             243               0 

             14            8054             244               0 

             10            8054             245               0 

             10            8054             246               0 

              9            8054             247               0 

              9            8054             248               0 

              9            8054             249               0 

              9            8054             250               0 

             11            8054             251               0 

              9            8054             252               0 

             11            8054             253               0 

             10            8054             254               0 

             12            8054             255               0 

             10            8054             256               0 

              7            8054             257               0 

             13            8054             258               0 

              8            8054             259               0 

             10            8054             260               0 

              8            8054             261               0 

             12            8054             262               0 

             17            8054             263               0 

             15            8054             264               0 

             13            8054             265               0 

              7            8054             266               0 

              8            8054             267               0 

              9            8054             268               0 

              9            8054             269               0 

             12            8054             270               0 

             15            8054             271               0 

             14            8054             272               0 

              9            8054             273               0 

             12            8054             274               0 

             15            8054             275               0 

              8            8054             276               0 

              9            8054             277               0 

              8            8054             278               0 

             15            8054             279               0 

              9            8054             280               0 

              5            8054             281               0 

             13            8054             282               0 

              7            8054             283               0 

             12            8054             284               0 

              9            8054             285               0 

             16            8054             286               0 

             10            8054             287               0 

             12            8054             288               0 

             10            8054             289               0 

             10            8054             290               0 

             11            8054             291               0 

             13            8054             292               0 

             13            8054             293               0 

             10            8054             294               0 

             12            8054             295               0 

              8            8054             296               0 

             12            8054             297               0 

             12            8054             298               0 

             10            8054             299               0 

              6            8054             300               0 

              8            8054             301               0 

             11            8054             302               0 

             12            8054             303               0 

             11            8054             304               0 

             10            8054             305               0 

              9            8054             306               0 

              8            8054             307               0 

             10            8054             308               0 

              8            8054             309               0 

              8            8054             310               0 

             18            8054             311               0 

              7            8054             312               0 

             10            8054             313               0 

              8            8054             314               0 

             10            8054             315               0 

             11            8054             316               0 

              7            8054             317               0 

             10            8054             318               0 

             19            8054             319               0 

              9            8054             320               0 

             11            8054             321               0 

             16            8054             322               0 

             11            8054             323               0 

             12            8054             324               0 

             14            8054             325               0 

             10            8054             326               0 

             13            8054             327               0 

             10            8054             328               0 

             11            8054             329               0 

             10            8054             330               0 

             11            8054             331               0 

             18            8054             332               0 

             14            8054             333               0 

             16            8054             334               0 

              9            8054             335               0 

              9            8054             336               0 

             12            8054             337               0 

             13            8054             338               0 

             12            8054             339               0 

             10            8054             340               0 

             13            8054             341               0 

             14            8054             342               0 

             12            8054             343               0 

             11            8054             344               0 

              6            8054             345               0 

             10            8054             346               0 

             10            8054             347               0 

             10            8054             348               0 

             15            8054             349               0 

             11            8054             350               0 

             13            8054             351               0 

             14            8054             352               0 

             15            8054             353               0 

             10            8054             354               0 

              8            8054             355               0 

             10            8054             356               0 

             10            8054             357               0 

              6            8054             358               0 

             11            8054             359               0 

             13            8054             360               0 

              9            8054             361               0 

             10            8054             362               0 

             10            8054             363               0 

             10            8054             364               0 

             15            8054             365               0 

             11            8054             366               0 

              8            8054             367               0 

              7            8054             368               0 

              7            8054             369               0 

             10            8054             370               0 

             11            8054             371               0 

             10            8054             372               0 

             11            8054             373               0 

              9            8054             374               0 

             11            8054             375               0 

             11            8054             376               0 

             12            8054             377               0 

             12            8054             378               0 

             13            8054             379               0 

             12            8054             380               0 

             10            8054             381               0 

             10            8054             382               0 

             13            8054             383               0 

             13            8054             384               0 

             15            8054             385               0 

             17            8054             386               0 

              7            8054             387               0 

             11            8054             388               0 

             11            8054             389               0 

             11            8054             390               0 

              9            8054             391               0 

             12            8054             392               0 

             15            8054             393               0 

             10            8054             394               0 

             14            8054             395               0 

             10            8054             396               0 

             14            8054             397               0 

             17            8054             398               0 

             13            8054             399               0 

             13            8054             400               0 

             14            8054             401               0 

              7            8054             402               0 

             16            8054             403               0 

              7            8054             404               0 

             16            8054             405               0 

             11            8054             406               0 

              6            8054             407               0 

             10            8054             408               0 

             12            8054             409               0 

             12            8054             410               0 

             11            8054             411               0 

             12            8054             412               0 

             17            8054             413               0 

             10            8054             414               0 

              8            8054             415               0 

             13            8054             416               0 

             12            8054             417               0 

             11            8054             418               0 

             11            8054             419               0 

             10            8054             420               0 

             14            8054             421               0 

             12            8054             422               0 

             13            8054             423               0 

             11            8054             424               0 

              8            8054             425               0 

             11            8054             426               0 

             13            8054             427               0 

             12            8054             428               0 

              8            8054             429               0 

             13            8054             430               0 

             13            8054             431               0 

             16            8054             432               0 

             10            8054             433               0 

             11            8054             434               0 

             14            8054             435               0 

             11            8054             436               0 

              7            8054             437               0 

             11            8054             438               0 

             13            8054             439               0 

             14            8054             440               0 

             18            8054             441               0 

             13            8054             442               0 

             10            8054             443               0 

             15            8054             444               0 

             11            8054             445               0 

             11            8054             446               0 

             11            8054             447               0 

             17            8054             448               0 

             17            8054             449               0 

              7            8054             450               0 

             10            8054             451               0 

             11            8054             452               0 

             11            8054             453               0 

             18            8054             454               0 

              9            8054             455               0 

              8            8054             456               0 

             14            8054             457               0 

             12            8054             458               0 

             15            8054             459               0 

             12            8054             460               0 

             12            8054             461               0 

             11            8054             462               0 

              8            8054             463               0 

              9            8054             464               0 

             12            8054             465               0 

             10            8054             466               0 

             12            8054             467               0 

             13            8054             468               0 

             14            8054             469               0 

              8            8054             470               0 

              9            8054             471               0 

             11            8054             472               0 

             11            8054             473               0 

              9            8054             474               0 

             14            8054             475               0 

             10            8054             476               0 

             16            8054             477               0 

             18            8054             478               0 

             15            8054             479               0 

             10            8054             480               0 

             12            8054             481               0 

             11            8054             482               0 

              9            8054             483               0 

              9            8054             484               0 

              6            8054             485               0 

              8            8054             486               0 

             10            8054             487               0 

             13            8054             488               0 

             11            8054             489               0 

             15            8054             490               0 

             11            8054             491               0 

             12            8054             492               0 

              9            8054             493               0 

              8            8054             494               0 

             10            8054             495               0 

             14            8054             496               0 

             12            8054             497               0 

              9            8054             498               0 

             16            8054             499               0 

              9            8054             500               0 

             17            8054             501               0 

             19            8054             502               0 

             11            8054             503               0 

             13            8054             504               0 

             10            8054             505               0 

             13            8054             506               0 

              7            8054             507               0 

             14            8054             508               0 

             17            8054             509               0 

             12            8054             510               0 

             12            8054             511               0 

             11            8054             512               0 

             13            8054             513               0 

              9            8054             514               0 

              8            8054             515               0 

             13            8054             516               0 

             12            8054             517               0 

             12            8054             518               0 

             12            8054             519               0 

             11            8054             520               0 

             12            8054             521               0 

              8            8054             522               0 

             16            8054             523               0 

             11            8054             524               0 

             20            8054             525               0 

             16            8054             526               0 

             11            8054             527               0 

             11            8054             528               0 

             11            8054             529               0 

              8            8054             530               0 

              9            8054             531               0 

             12            8054             532               0 

              8            8054             533               0 

             13            8054             534               0 

             13            8054             535               0 

             15            8054             536               0 

              9            8054             537               0 

             11            8054             538               0 

             14            8054             539               0 

             20            8054             540               0 

             10            8054             541               0 

             21            8054             542               0 

             18            8054             543               0 

             14            8054             544               0 

             15            8054             545               0 

             16            8054             546               0 

             19            8054             547               0 

              7            8054             548               0 

             13            8054             549               0 

             13            8054             550               0 

             15            8054             551               0 

              9            8054             552               0 

             13            8054             553               0 

             12            8054             554               0 

             15            8054             555               0 

             14            8054             556               0 

             11            8054             557               0 

              9            8054             558               0 

             10            8054             559               0 

              7            8054             560               0 

             12            8054             561               0 

              7            8054             562               0 

              9            8054             563               0 

              9            8054             564               0 

             11            8054             565               0 

             10            8054             566               0 

              8            8054             567               0 

             10            8054             568               0 

             13            8054             569               0 

             11            8054             570               0 

             17            8054             571               0 

             15            8054             572               0 

             11            8054             573               0 

             17            8054             574               0 

             14            8054             575               0 

             11            8054             576               0 

             13            8054             577               0 

             12            8054             578               0 

             14            8054             579               0 

             11            8054             580               0 

             12            8054             581               0 

             10            8054             582               0 

              7            8054             583               0 

             11            8054             584               0 

             13            8054             585               0 

             10            8054             586               0 

             11            8054             587               0 

             17            8054             588               0 

             14            8054             589               0 

              8            8054             590               0 

              9            8054             591               0 

             12            8054             592               0 

             18            8054             593               0 

             15            8054             594               0 

             10            8054             595               0 

             12            8054             596               0 

              9            8054             597               0 

             10            8054             598               0 

             13            8054             599               0 

             10            8054             600               0 

             13            8054             601               0 

             13            8054             602               0 

             13            8054             603               0 

             14            8054             604               0 

              9            8054             605               0 

             12            8054             606               0 

              8            8054             607               0 

             14            8054             608               0 

             10            8054             609               0 

             12            8054             610               0 

             15            8054             611               0 

              9            8054             612               0 

             11            8054             613               0 

             10            8054             614               0 

             10            8054             615               0 

             12            8054             616               0 

             13            8054             617               0 

             14            8054             618               0 

             10            8054             619               0 

             11            8054             620               0 

             20            8054             621               0 

             12            8054             622               0 

             12            8054             623               0 

             12            8054             624               0 

              8            8054             625               0 

             10            8054             626               0 

             13            8054             627               0 

             12            8054             628               0 

             14            8054             629               0 

             10            8054             630               0 

             18            8054             631               0 

             11            8054             632               0 

             14            8054             633               0 

             14            8054             634               0 

             14            8054             635               0 

             12            8054             636               0 

             10            8054             637               0 

              7            8054             638               0 

             18            8054             639               0 

             13            8054             640               0 

             13            8054             641               0 

             15            8054             642               0 

             13            8054             643               0 

             10            8054             644               0 

             15            8054             645               0 

             11            8054             646               0 

             14            8054             647               0 

             15            8054             648               0 

             21            8054             649               0 

             11            8054             650               0 

             10            8054             651               0 

             15            8054             652               0 

             11            8054             653               0 

             11            8054             654               0 

             15            8054             655               0 

              9            8054             656               0 

             15            8054             657               0 

             12            8054             658               0 

             16            8054             659               0 

             13            8054             660               0 

             14            8054             661               0 

             12            8054             662               0 

             11            8054             663               0 

             12            8054             664               0 

              8            8054             665               0 

             13            8054             666               0 

             15            8054             667               0 

             15            8054             668               0 

             16            8054             669               0 

             12            8054             670               0 

              7            8054             671               0 

             12            8054             672               0 

             12            8054             673               0 

              9            8054             674               0 

              9            8054             675               0 

             15            8054             676               0 

             15            8054             677               0 

              8            8054             678               0 

             11            8054             679               0 

             17            8054             680               0 

             13            8054             681               0 

             10            8054             682               0 

             13            8054             683               0 

             12            8054             684               0 

             13            8054             685               0 

             11            8054             686               0 

             12            8054             687               0 

              9            8054             688               0 

             18            8054             689               0 

             14            8054             690               0 

             10            8054             691               0 

             14            8054             692               0 

             12            8054             693               0 

             10            8054             694               0 

             18            8054             695               0 

             10            8054             696               0 

             13            8054             697               0 

              7            8054             698               0 

             11            8054             699               0 

             14            8054             700               0 

             11            8054             701               0 

              7            8054             702               0 

             12            8054             703               0 

             11            8054             704               0 

             12            8054             705               0 

             12            8054             706               0 

             15            8054             707               0 

              8            8054             708               0 

             12            8054             709               0 

             15            8054             710               0 

             12            8054             711               0 

             14            8054             712               0 

             11            8054             713               0 

             14            8054             714               0 

             19            8054             715               0 

             11            8054             716               0 

              9            8054             717               0 

             12            8054             718               0 

             12            8054             719               0 

             10            8054             720               0 

             16            8054             721               0 

             14            8054             722               0 

              9            8054             723               0 

             14            8054             724               0 

             16            8054             725               0 

             11            8054             726               0 

             17            8054             727               0 

             19            8054             728               0 

             10            8054             729               0 

             12            8054             730               0 

             15            8054             731               0 

             10            8054             732               0 

              8            8054             733               0 

             13            8054             734               0 

             15            8054             735               0 

             14            8054             736               0 

             17            8054             737               0 

             11            8054             738               0 

             10            8054             739               0 

             15            8054             740               0 

             13            8054             741               0 

             10            8054             742               0 

             14            8054             743               0 

             14            8054             744               0 

             11            8054             745               0 

             16            8054             746               0 

             12            8054             747               0 

             14            8054             748               0 

             16            8054             749               0 

             12            8054             750               0 

             12            8054             751               0 

             13            8054             752               0 

             10            8054             753               0 

             11            8054             754               0 

             18            8054             755               0 

             12            8054             756               0 

             13            8054             757               0 

             10            8054             758               0 

             10            8054             759               0 

             10            8054             760               0 

             11            8054             761               0 

             12            8054             762               0 

             14            8054             763               0 

             13            8054             764               0 

             12            8054             765               0 

             11            8054             766               0 

             13            8054             767               0 

             12            8054             768               0 

             16            8054             769               0 

             15            8054             770               0 

             16            8054             771               0 

             11            8054             772               0 

             15            8054             773               0 

             15            8054             774               0 

             11            8054             775               0 

             12            8054             776               0 

             12            8054             777               0 

             17            8054             778               0 

             14            8054             779               0 

             15            8054             780               0 

             14            8054             781               0 

             17            8054             782               0 

             13            8054             783               0 

             18            8054             784               0 

             17            8054             785               0 

             12            8054             786               0 

              9            8054             787               0 

             14            8054             788               0 

             12            8054             789               0 

             14            8054             790               0 

             11            8054             791               0 

             10            8054             792               0 

             20            8054             793               0 

             19            8054             794               0 

              9            8054             795               0 

             11            8054             796               0 

             14            8054             797               0 

             13            8054             798               0 

             14            8054             799               0 

              9            8054             800               0 

             18            8054             801               0 

              6            8054             802               0 

             11            8054             803               0 

              7            8054             804               0 

              9            8054             805               0 

              8            8054             806               0 

             15            8054             807               0 

             12            8054             808               0 

             13            8054             809               0 

             16            8054             810               0 

