   BST_find |  BST_insert |     LSA_find |  LSA_insert | 

              1            2274               1               0 

              2            2274               2               0 

              2            2274               3               0 

              3            2274               4               0 

              4            2274               5               0 

              3            2274               6               0 

              4            2274               7               0 

              5            2274               8               0 

              3            2274               9               0 

              4            2274              10               0 

              6            2274              11               0 

              5            2274              12               0 

              5            2274              13               0 

              6            2274              14               0 

              4            2274              15               0 

              4            2274              16               0 

              5            2274              17               0 

              3            2274              18               0 

              7            2274              19               0 

              5            2274              20               0 

              6            2274              21               0 

              6            2274              22               0 

              7            2274              23               0 

              8            2274              24               0 

              8            2274              25               0 

              8            2274              26               0 

              9            2274              27               0 

             10            2274              28               0 

              5            2274              29               0 

              9            2274              30               0 

              7            2274              31               0 

              6            2274              32               0 

              5            2274              33               0 

              7            2274              34               0 

              6            2274              35               0 

              8            2274              36               0 

              6            2274              37               0 

              6            2274              38               0 

              9            2274              39               0 

              5            2274              40               0 

             10            2274              41               0 

             11            2274              42               0 

              6            2274              43               0 

              8            2274              44               0 

              7            2274              45               0 

              7            2274              46               0 

              7            2274              47               0 

              8            2274              48               0 

              8            2274              49               0 

              9            2274              50               0 

              6            2274              51               0 

              7            2274              52               0 

             10            2274              53               0 

             12            2274              54               0 

              8            2274              55               0 

              6            2274              56               0 

              7            2274              57               0 

              7            2274              58               0 

              8            2274              59               0 

              8            2274              60               0 

              7            2274              61               0 

              7            2274              62               0 

              7            2274              63               0 

              8            2274              64               0 

              4            2274              65               0 

              9            2274              66               0 

             10            2274              67               0 

              8            2274              68               0 

              8            2274              69               0 

             11            2274              70               0 

             11            2274              71               0 

              9            2274              72               0 

              9            2274              73               0 

             13            2274              74               0 

             10            2274              75               0 

              9            2274              76               0 

              9            2274              77               0 

              7            2274              78               0 

             10            2274              79               0 

             12            2274              80               0 

              8            2274              81               0 

              9            2274              82               0 

              7            2274              83               0 

              7            2274              84               0 

             12            2274              85               0 

              9            2274              86               0 

              8            2274              87               0 

              9            2274              88               0 

             11            2274              89               0 

             11            2274              90               0 

              9            2274              91               0 

              9            2274              92               0 

              7            2274              93               0 

              6            2274              94               0 

             10            2274              95               0 

              8            2274              96               0 

              7            2274              97               0 

              9            2274              98               0 

              9            2274              99               0 

             11            2274             100               0 

              5            2274             101               0 

             13            2274             102               0 

             13            2274             103               0 

             14            2274             104               0 

              7            2274             105               0 

             11            2274             106               0 

             10            2274             107               0 

             12            2274             108               0 

              9            2274             109               0 

             10            2274             110               0 

             10            2274             111               0 

             12            2274             112               0 

              8            2274             113               0 

             14            2274             114               0 

              8            2274             115               0 

             11            2274             116               0 

             14            2274             117               0 

              7            2274             118               0 

             10            2274             119               0 

             11            2274             120               0 

              4            2274             121               0 

             12            2274             122               0 

              9            2274             123               0 

              8            2274             124               0 

             10            2274             125               0 

             13            2274             126               0 

              8            2274             127               0 

             11            2274             128               0 

             12            2274             129               0 

             10            2274             130               0 

              8            2274             131               0 

             10            2274             132               0 

             15            2274             133               0 

              8            2274             134               0 

             10            2274             135               0 

             10            2274             136               0 

              9            2274             137               0 

              5            2274             138               0 

             11            2274             139               0 

              9            2274             140               0 

              6            2274             141               0 

              9            2274             142               0 

              9            2274             143               0 

             10            2274             144               0 

             12            2274             145               0 

              8            2274             146               0 

              9            2274             147               0 

             15            2274             148               0 

              6            2274             149               0 

             11            2274             150               0 

              6            2274             151               0 

             10            2274             152               0 

              9            2274             153               0 

              8            2274             154               0 

              9            2274             155               0 

              8            2274             156               0 

              8            2274             157               0 

             12            2274             158               0 

             13            2274             159               0 

              6            2274             160               0 

             16            2274             161               0 

              7            2274             162               0 

             11            2274             163               0 

             11            2274             164               0 

             14            2274             165               0 

             15            2274             166               0 

             15            2274             167               0 

             12            2274             168               0 

             11            2274             169               0 

             12            2274             170               0 

              8            2274             171               0 

             10            2274             172               0 

             10            2274             173               0 

             10            2274             174               0 

              4            2274             175               0 

             16            2274             176               0 

             13            2274             177               0 

              9            2274             178               0 

              7            2274             179               0 

             12            2274             180               0 

             11            2274             181               0 

              8            2274             182               0 

             11            2274             183               0 

             11            2274             184               0 

             10            2274             185               0 

              5            2274             186               0 

             11            2274             187               0 

             13            2274             188               0 

             16            2274             189               0 

              9            2274             190               0 

              9            2274             191               0 

              9            2274             192               0 

             12            2274             193               0 

             13            2274             194               0 

              8            2274             195               0 

             10            2274             196               0 

             16            2274             197               0 

             10            2274             198               0 

             13            2274             199               0 

             11            2274             200               0 

              9            2274             201               0 

             11            2274             202               0 

             11            2274             203               0 

             10            2274             204               0 

              8            2274             205               0 

             12            2274             206               0 

             11            2274             207               0 

              9            2274             208               0 

             13            2274             209               0 

             11            2274             210               0 

             12            2274             211               0 

             10            2274             212               0 

             13            2274             213               0 

             10            2274             214               0 

              7            2274             215               0 

             12            2274             216               0 

             10            2274             217               0 

             14            2274             218               0 

             10            2274             219               0 

              9            2274             220               0 

             11            2274             221               0 

              9            2274             222               0 

             15            2274             223               0 

              9            2274             224               0 

              9            2274             225               0 

              8            2274             226               0 

             11            2274             227               0 

             10            2274             228               0 

             14            2274             229               0 

             12            2274             230               0 

              8            2274             231               0 

              9            2274             232               0 

             10            2274             233               0 

              8            2274             234               0 

             11            2274             235               0 

             11            2274             236               0 

             11            2274             237               0 

             10            2274             238               0 

             14            2274             239               0 

             11            2274             240               0 

             16            2274             241               0 

             12            2274             242               0 

             13            2274             243               0 

             13            2274             244               0 

             17            2274             245               0 

             10            2274             246               0 

             12            2274             247               0 

             14            2274             248               0 

             13            2274             249               0 

             13            2274             250               0 

              7            2274             251               0 

              8            2274             252               0 

             13            2274             253               0 

             10            2274             254               0 

             14            2274             255               0 

             10            2274             256               0 

              8            2274             257               0 

             14            2274             258               0 

              8            2274             259               0 

             15            2274             260               0 

             13            2274             261               0 

             15            2274             262               0 

              9            2274             263               0 

             14            2274             264               0 

              9            2274             265               0 

             13            2274             266               0 

             14            2274             267               0 

             12            2274             268               0 

             11            2274             269               0 

             11            2274             270               0 

