   BST_find |  BST_insert |     LSA_find |  LSA_insert | 

              1           12551               1               0 

              3           12551               2               0 

              5           12551               3               0 

              7           12551               4               0 

              3           12551               5               0 

              5           12551               6               0 

              7           12551               7               0 

              7           12551               8               0 

              5           12551               9               0 

              7           12551              10               0 

              9           12551              11               0 

             11           12551              12               0 

              9           12551              13               0 

             11           12551              14               0 

             11           12551              15               0 

             13           12551              16               0 

             15           12551              17               0 

             17           12551              18               0 

              9           12551              19               0 

              9           12551              20               0 

             11           12551              21               0 

             11           12551              22               0 

             13           12551              23               0 

              9           12551              24               0 

             11           12551              25               0 

             13           12551              26               0 

              9           12551              27               0 

             13           12551              28               0 

             15           12551              29               0 

             13           12551              30               0 

             15           12551              31               0 

              7           12551              32               0 

             15           12551              33               0 

             15           12551              34               0 

              9           12551              35               0 

             19           12551              36               0 

             21           12551              37               0 

              9           12551              38               0 

             13           12551              39               0 

             19           12551              40               0 

              7           12551              41               0 

             13           12551              42               0 

             11           12551              43               0 

             17           12551              44               0 

             23           12551              45               0 

              9           12551              46               0 

             15           12551              47               0 

             11           12551              48               0 

             17           12551              49               0 

             13           12551              50               0 

             19           12551              51               0 

             15           12551              52               0 

             21           12551              53               0 

             17           12551              54               0 

             15           12551              55               0 

             19           12551              56               0 

             23           12551              57               0 

             15           12551              58               0 

             11           12551              59               0 

             17           12551              60               0 

             11           12551              61               0 

             15           12551              62               0 

             19           12551              63               0 

             13           12551              64               0 

             19           12551              65               0 

             21           12551              66               0 

             23           12551              67               0 

             25           12551              68               0 

             19           12551              69               0 

             21           12551              70               0 

              9           12551              71               0 

             27           12551              72               0 

             11           12551              73               0 

             11           12551              74               0 

             13           12551              75               0 

             21           12551              76               0 

             21           12551              77               0 

             11           12551              78               0 

             15           12551              79               0 

             15           12551              80               0 

             21           12551              81               0 

             21           12551              82               0 

             17           12551              83               0 

             27           12551              84               0 

             25           12551              85               0 

             17           12551              86               0 

              5           12551              87               0 

             11           12551              88               0 

             29           12551              89               0 

             13           12551              90               0 

             15           12551              91               0 

             17           12551              92               0 

             17           12551              93               0 

             19           12551              94               0 

             21           12551              95               0 

             11           12551              96               0 

             25           12551              97               0 

             15           12551              98               0 

             19           12551              99               0 

              9           12551             100               0 

             25           12551             101               0 

             23           12551             102               0 

              7           12551             103               0 

             23           12551             104               0 

             11           12551             105               0 

             21           12551             106               0 

             23           12551             107               0 

             17           12551             108               0 

             19           12551             109               0 

             15           12551             110               0 

             23           12551             111               0 

             25           12551             112               0 

             19           12551             113               0 

             27           12551             114               0 

             15           12551             115               0 

             25           12551             116               0 

             17           12551             117               0 

             19           12551             118               0 

             19           12551             119               0 

             25           12551             120               0 

             23           12551             121               0 

             29           12551             122               0 

             13           12551             123               0 

             31           12551             124               0 

             17           12551             125               0 

             13           12551             126               0 

             17           12551             127               0 

             23           12551             128               0 

             17           12551             129               0 

             21           12551             130               0 

             17           12551             131               0 

             27           12551             132               0 

             11           12551             133               0 

             19           12551             134               0 

             19           12551             135               0 

             29           12551             136               0 

             25           12551             137               0 

             13           12551             138               0 

             17           12551             139               0 

             23           12551             140               0 

             23           12551             141               0 

             23           12551             142               0 

             25           12551             143               0 

             19           12551             144               0 

             21           12551             145               0 

             15           12551             146               0 

             27           12551             147               0 

             17           12551             148               0 

             25           12551             149               0 

             29           12551             150               0 

             11           12551             151               0 

             19           12551             152               0 

             21           12551             153               0 

             13           12551             154               0 

             27           12551             155               0 

             31           12551             156               0 

             21           12551             157               0 

             23           12551             158               0 

             13           12551             159               0 

             27           12551             160               0 

             11           12551             161               0 

             17           12551             162               0 

             33           12551             163               0 

             19           12551             164               0 

             15           12551             165               0 

             15           12551             166               0 

             17           12551             167               0 

             23           12551             168               0 

             23           12551             169               0 

             19           12551             170               0 

             19           12551             171               0 

             29           12551             172               0 

             11           12551             173               0 

             17           12551             174               0 

             23           12551             175               0 

             25           12551             176               0 

             19           12551             177               0 

             13           12551             178               0 

             21           12551             179               0 

             25           12551             180               0 

             21           12551             181               0 

             13           12551             182               0 

             19           12551             183               0 

             23           12551             184               0 

             13           12551             185               0 

              9           12551             186               0 

             17           12551             187               0 

             23           12551             188               0 

             15           12551             189               0 

             21           12551             190               0 

             21           12551             191               0 

             25           12551             192               0 

             13           12551             193               0 

             17           12551             194               0 

             25           12551             195               0 

             23           12551             196               0 

             31           12551             197               0 

             19           12551             198               0 

             19           12551             199               0 

             19           12551             200               0 

             17           12551             201               0 

             27           12551             202               0 

             19           12551             203               0 

             27           12551             204               0 

             27           12551             205               0 

             21           12551             206               0 

             21           12551             207               0 

             27           12551             208               0 

             27           12551             209               0 

             25           12551             210               0 

             17           12551             211               0 

             29           12551             212               0 

             15           12551             213               0 

             19           12551             214               0 

             21           12551             215               0 

             25           12551             216               0 

             23           12551             217               0 

             17           12551             218               0 

             25           12551             219               0 

             21           12551             220               0 

             21           12551             221               0 

             21           12551             222               0 

             13           12551             223               0 

             25           12551             224               0 

             23           12551             225               0 

             15           12551             226               0 

             27           12551             227               0 

             29           12551             228               0 

             21           12551             229               0 

             23           12551             230               0 

              9           12551             231               0 

             19           12551             232               0 

             35           12551             233               0 

             25           12551             234               0 

             25           12551             235               0 

             21           12551             236               0 

             23           12551             237               0 

             19           12551             238               0 

             21           12551             239               0 

             29           12551             240               0 

              9           12551             241               0 

             23           12551             242               0 

             27           12551             243               0 

             21           12551             244               0 

             11           12551             245               0 

             15           12551             246               0 

             27           12551             247               0 

             17           12551             248               0 

             29           12551             249               0 

             23           12551             250               0 

             15           12551             251               0 

             25           12551             252               0 

             27           12551             253               0 

             19           12551             254               0 

             29           12551             255               0 

             29           12551             256               0 

             23           12551             257               0 

             23           12551             258               0 

             17           12551             259               0 

             25           12551             260               0 

             29           12551             261               0 

             27           12551             262               0 

             27           12551             263               0 

             19           12551             264               0 

             21           12551             265               0 

             35           12551             266               0 

             23           12551             267               0 

             21           12551             268               0 

             23           12551             269               0 

             13           12551             270               0 

             23           12551             271               0 

             25           12551             272               0 

             29           12551             273               0 

             33           12551             274               0 

             25           12551             275               0 

             13           12551             276               0 

             19           12551             277               0 

             11           12551             278               0 

             25           12551             279               0 

             19           12551             280               0 

             11           12551             281               0 

             25           12551             282               0 

             31           12551             283               0 

             33           12551             284               0 

             33           12551             285               0 

             15           12551             286               0 

             31           12551             287               0 

             23           12551             288               0 

             23           12551             289               0 

             17           12551             290               0 

             19           12551             291               0 

             21           12551             292               0 

             31           12551             293               0 

             17           12551             294               0 

             31           12551             295               0 

             11           12551             296               0 

             29           12551             297               0 

             15           12551             298               0 

             25           12551             299               0 

             19           12551             300               0 

             23           12551             301               0 

             17           12551             302               0 

             13           12551             303               0 

             29           12551             304               0 

             21           12551             305               0 

             25           12551             306               0 

             17           12551             307               0 

             31           12551             308               0 

             27           12551             309               0 

             19           12551             310               0 

             23           12551             311               0 

             21           12551             312               0 

             13           12551             313               0 

             25           12551             314               0 

             17           12551             315               0 

             13           12551             316               0 

             33           12551             317               0 

             25           12551             318               0 

             27           12551             319               0 

             15           12551             320               0 

             23           12551             321               0 

             23           12551             322               0 

             17           12551             323               0 

             19           12551             324               0 

             17           12551             325               0 

             25           12551             326               0 

             25           12551             327               0 

             17           12551             328               0 

             21           12551             329               0 

             27           12551             330               0 

             31           12551             331               0 

             19           12551             332               0 

             13           12551             333               0 

             17           12551             334               0 

              7           12551             335               0 

             31           12551             336               0 

             31           12551             337               0 

             13           12551             338               0 

             33           12551             339               0 

             31           12551             340               0 

             31           12551             341               0 

             27           12551             342               0 

             29           12551             343               0 

             19           12551             344               0 

             15           12551             345               0 

             21           12551             346               0 

             29           12551             347               0 

             29           12551             348               0 

             29           12551             349               0 

             33           12551             350               0 

             23           12551             351               0 

             27           12551             352               0 

             23           12551             353               0 

             13           12551             354               0 

             19           12551             355               0 

             37           12551             356               0 

             29           12551             357               0 

             19           12551             358               0 

             23           12551             359               0 

             15           12551             360               0 

             19           12551             361               0 

             27           12551             362               0 

             11           12551             363               0 

             27           12551             364               0 

             31           12551             365               0 

             31           12551             366               0 

             25           12551             367               0 

             15           12551             368               0 

             25           12551             369               0 

             25           12551             370               0 

             25           12551             371               0 

             21           12551             372               0 

             15           12551             373               0 

             33           12551             374               0 

             23           12551             375               0 

             23           12551             376               0 

             27           12551             377               0 

             15           12551             378               0 

             13           12551             379               0 

             33           12551             380               0 

             15           12551             381               0 

             17           12551             382               0 

             19           12551             383               0 

             21           12551             384               0 

             15           12551             385               0 

             27           12551             386               0 

             25           12551             387               0 

             27           12551             388               0 

             29           12551             389               0 

             29           12551             390               0 

             33           12551             391               0 

             19           12551             392               0 

             19           12551             393               0 

             15           12551             394               0 

             35           12551             395               0 

             29           12551             396               0 

             29           12551             397               0 

             35           12551             398               0 

             15           12551             399               0 

             19           12551             400               0 

             27           12551             401               0 

             37           12551             402               0 

             29           12551             403               0 

             31           12551             404               0 

             21           12551             405               0 

             25           12551             406               0 

             19           12551             407               0 

             17           12551             408               0 

             15           12551             409               0 

             23           12551             410               0 

             27           12551             411               0 

             17           12551             412               0 

             21           12551             413               0 

             13           12551             414               0 

             25           12551             415               0 

             23           12551             416               0 

             25           12551             417               0 

             27           12551             418               0 

             33           12551             419               0 

             17           12551             420               0 

             25           12551             421               0 

             17           12551             422               0 

             29           12551             423               0 

             35           12551             424               0 

             33           12551             425               0 

             27           12551             426               0 

             25           12551             427               0 

             27           12551             428               0 

             29           12551             429               0 

             23           12551             430               0 

             25           12551             431               0 

             31           12551             432               0 

             23           12551             433               0 

             25           12551             434               0 

             29           12551             435               0 

             35           12551             436               0 

             27           12551             437               0 

             27           12551             438               0 

             25           12551             439               0 

             23           12551             440               0 

             27           12551             441               0 

             33           12551             442               0 

             15           12551             443               0 

             15           12551             444               0 

             25           12551             445               0 

             21           12551             446               0 

             31           12551             447               0 

             15           12551             448               0 

             17           12551             449               0 

             31           12551             450               0 

             25           12551             451               0 

             35           12551             452               0 

             13           12551             453               0 

             27           12551             454               0 

             17           12551             455               0 

             23           12551             456               0 

             33           12551             457               0 

             31           12551             458               0 

             21           12551             459               0 

             13           12551             460               0 

             39           12551             461               0 

             19           12551             462               0 

             25           12551             463               0 

             21           12551             464               0 

             27           12551             465               0 

             21           12551             466               0 

             27           12551             467               0 

             27           12551             468               0 

             31           12551             469               0 

             21           12551             470               0 

             21           12551             471               0 

             33           12551             472               0 

             23           12551             473               0 

             19           12551             474               0 

             25           12551             475               0 

             31           12551             476               0 

             23           12551             477               0 

             27           12551             478               0 

             25           12551             479               0 

             25           12551             480               0 

             21           12551             481               0 

             15           12551             482               0 

             31           12551             483               0 

             31           12551             484               0 

             33           12551             485               0 

             15           12551             486               0 

             27           12551             487               0 

             27           12551             488               0 

             35           12551             489               0 

             17           12551             490               0 

             19           12551             491               0 

             33           12551             492               0 

             33           12551             493               0 

             31           12551             494               0 

             29           12551             495               0 

             17           12551             496               0 

             29           12551             497               0 

             17           12551             498               0 

             23           12551             499               0 

             17           12551             500               0 

             35           12551             501               0 

             13           12551             502               0 

             29           12551             503               0 

             21           12551             504               0 

             27           12551             505               0 

             23           12551             506               0 

             21           12551             507               0 

             33           12551             508               0 

             35           12551             509               0 

             23           12551             510               0 

             25           12551             511               0 

             31           12551             512               0 

             37           12551             513               0 

             35           12551             514               0 

             25           12551             515               0 

             19           12551             516               0 

             21           12551             517               0 

             17           12551             518               0 

             25           12551             519               0 

             27           12551             520               0 

             23           12551             521               0 

             29           12551             522               0 

             15           12551             523               0 

             15           12551             524               0 

             17           12551             525               0 

             29           12551             526               0 

             21           12551             527               0 

             13           12551             528               0 

             31           12551             529               0 

             21           12551             530               0 

             25           12551             531               0 

             29           12551             532               0 

             15           12551             533               0 

             31           12551             534               0 

             27           12551             535               0 

             35           12551             536               0 

             27           12551             537               0 

             21           12551             538               0 

             19           12551             539               0 

             15           12551             540               0 

             25           12551             541               0 

             19           12551             542               0 

             19           12551             543               0 

             29           12551             544               0 

             17           12551             545               0 

             23           12551             546               0 

             25           12551             547               0 

             15           12551             548               0 

             21           12551             549               0 

             23           12551             550               0 

             19           12551             551               0 

             31           12551             552               0 

             35           12551             553               0 

             27           12551             554               0 

             17           12551             555               0 

             23           12551             556               0 

             23           12551             557               0 

             27           12551             558               0 

             23           12551             559               0 

             33           12551             560               0 

             33           12551             561               0 

             25           12551             562               0 

             29           12551             563               0 

             35           12551             564               0 

             23           12551             565               0 

             19           12551             566               0 

             27           12551             567               0 

             37           12551             568               0 

             37           12551             569               0 

             15           12551             570               0 

             25           12551             571               0 

             33           12551             572               0 

             19           12551             573               0 

             29           12551             574               0 

             21           12551             575               0 

             21           12551             576               0 

             25           12551             577               0 

             21           12551             578               0 

             27           12551             579               0 

             27           12551             580               0 

             29           12551             581               0 

             15           12551             582               0 

             31           12551             583               0 

             27           12551             584               0 

             31           12551             585               0 

             35           12551             586               0 

             25           12551             587               0 

             23           12551             588               0 

             25           12551             589               0 

             27           12551             590               0 

             23           12551             591               0 

             15           12551             592               0 

             31           12551             593               0 

             19           12551             594               0 

             23           12551             595               0 

             27           12551             596               0 

             29           12551             597               0 

             27           12551             598               0 

             27           12551             599               0 

             33           12551             600               0 

             33           12551             601               0 

             25           12551             602               0 

             23           12551             603               0 

             17           12551             604               0 

             27           12551             605               0 

             23           12551             606               0 

             27           12551             607               0 

             31           12551             608               0 

             25           12551             609               0 

             29           12551             610               0 

             25           12551             611               0 

             29           12551             612               0 

             31           12551             613               0 

             27           12551             614               0 

             31           12551             615               0 

             19           12551             616               0 

             23           12551             617               0 

             33           12551             618               0 

             21           12551             619               0 

             25           12551             620               0 

             19           12551             621               0 

             21           12551             622               0 

             29           12551             623               0 

             29           12551             624               0 

             23           12551             625               0 

             37           12551             626               0 

             35           12551             627               0 

             15           12551             628               0 

             33           12551             629               0 

             35           12551             630               0 

             27           12551             631               0 

             19           12551             632               0 

             25           12551             633               0 

             29           12551             634               0 

             23           12551             635               0 

             25           12551             636               0 

             29           12551             637               0 

             27           12551             638               0 

             21           12551             639               0 

             31           12551             640               0 

             29           12551             641               0 

             29           12551             642               0 

             25           12551             643               0 

             33           12551             644               0 

             17           12551             645               0 

             17           12551             646               0 

             27           12551             647               0 

             31           12551             648               0 

             33           12551             649               0 

             25           12551             650               0 

             21           12551             651               0 

             29           12551             652               0 

             29           12551             653               0 

             17           12551             654               0 

             25           12551             655               0 

             33           12551             656               0 

             13           12551             657               0 

             17           12551             658               0 

             29           12551             659               0 

             23           12551             660               0 

             29           12551             661               0 

             35           12551             662               0 

             21           12551             663               0 

             29           12551             664               0 

             25           12551             665               0 

             25           12551             666               0 

             29           12551             667               0 

             33           12551             668               0 

             25           12551             669               0 

             29           12551             670               0 

             21           12551             671               0 

             23           12551             672               0 

             23           12551             673               0 

             33           12551             674               0 

             17           12551             675               0 

             29           12551             676               0 

             37           12551             677               0 

             23           12551             678               0 

             31           12551             679               0 

             13           12551             680               0 

             35           12551             681               0 

             25           12551             682               0 

             37           12551             683               0 

             13           12551             684               0 

             25           12551             685               0 

             25           12551             686               0 

             25           12551             687               0 

             25           12551             688               0 

             27           12551             689               0 

             29           12551             690               0 

             27           12551             691               0 

             25           12551             692               0 

             29           12551             693               0 

             31           12551             694               0 

             25           12551             695               0 

             31           12551             696               0 

             19           12551             697               0 

             25           12551             698               0 

             33           12551             699               0 

             35           12551             700               0 

             17           12551             701               0 

             37           12551             702               0 

             31           12551             703               0 

             17           12551             704               0 

             27           12551             705               0 

             31           12551             706               0 

             31           12551             707               0 

             15           12551             708               0 

             31           12551             709               0 

             17           12551             710               0 

             37           12551             711               0 

             35           12551             712               0 

             23           12551             713               0 

             19           12551             714               0 

             25           12551             715               0 

             15           12551             716               0 

             29           12551             717               0 

             27           12551             718               0 

             31           12551             719               0 

             23           12551             720               0 

             27           12551             721               0 

             13           12551             722               0 

             21           12551             723               0 

             29           12551             724               0 

             35           12551             725               0 

             37           12551             726               0 

             23           12551             727               0 

             29           12551             728               0 

             33           12551             729               0 

             17           12551             730               0 

             27           12551             731               0 

             35           12551             732               0 

             19           12551             733               0 

             19           12551             734               0 

             33           12551             735               0 

             25           12551             736               0 

             15           12551             737               0 

             27           12551             738               0 

             31           12551             739               0 

             33           12551             740               0 

             23           12551             741               0 

             19           12551             742               0 

             29           12551             743               0 

             25           12551             744               0 

             29           12551             745               0 

             21           12551             746               0 

             23           12551             747               0 

             25           12551             748               0 

             33           12551             749               0 

             31           12551             750               0 

             27           12551             751               0 

             35           12551             752               0 

             19           12551             753               0 

             25           12551             754               0 

             35           12551             755               0 

             25           12551             756               0 

             35           12551             757               0 

             31           12551             758               0 

             37           12551             759               0 

             37           12551             760               0 

             27           12551             761               0 

             19           12551             762               0 

             21           12551             763               0 

             17           12551             764               0 

             29           12551             765               0 

             11           12551             766               0 

             29           12551             767               0 

             35           12551             768               0 

             35           12551             769               0 

             31           12551             770               0 

             29           12551             771               0 

             19           12551             772               0 

             27           12551             773               0 

             35           12551             774               0 

             17           12551             775               0 

             23           12551             776               0 

             19           12551             777               0 

             37           12551             778               0 

             39           12551             779               0 

              9           12551             780               0 

             35           12551             781               0 

             29           12551             782               0 

             21           12551             783               0 

             29           12551             784               0 

             31           12551             785               0 

             25           12551             786               0 

             31           12551             787               0 

             27           12551             788               0 

             23           12551             789               0 

             33           12551             790               0 

             27           12551             791               0 

             23           12551             792               0 

             31           12551             793               0 

             31           12551             794               0 

             25           12551             795               0 

             31           12551             796               0 

             23           12551             797               0 

             25           12551             798               0 

             33           12551             799               0 

             31           12551             800               0 

             35           12551             801               0 

             39           12551             802               0 

             31           12551             803               0 

             37           12551             804               0 

             25           12551             805               0 

             37           12551             806               0 

             27           12551             807               0 

             31           12551             808               0 

             33           12551             809               0 

             29           12551             810               0 

             35           12551             811               0 

             15           12551             812               0 

             17           12551             813               0 

             27           12551             814               0 

             37           12551             815               0 

             31           12551             816               0 

             39           12551             817               0 

             33           12551             818               0 

             33           12551             819               0 

             39           12551             820               0 

             29           12551             821               0 

             37           12551             822               0 

             21           12551             823               0 

             23           12551             824               0 

             21           12551             825               0 

             35           12551             826               0 

             29           12551             827               0 

             29           12551             828               0 

             27           12551             829               0 

             25           12551             830               0 

             35           12551             831               0 

             21           12551             832               0 

             29           12551             833               0 

             21           12551             834               0 

             23           12551             835               0 

             33           12551             836               0 

             21           12551             837               0 

             23           12551             838               0 

             33           12551             839               0 

             27           12551             840               0 

             29           12551             841               0 

             29           12551             842               0 

             39           12551             843               0 

             35           12551             844               0 

             19           12551             845               0 

             27           12551             846               0 

             23           12551             847               0 

             29           12551             848               0 

             25           12551             849               0 

             13           12551             850               0 

             29           12551             851               0 

             39           12551             852               0 

             29           12551             853               0 

             27           12551             854               0 

             33           12551             855               0 

             23           12551             856               0 

             29           12551             857               0 

             35           12551             858               0 

             19           12551             859               0 

             33           12551             860               0 

             31           12551             861               0 

             21           12551             862               0 

             19           12551             863               0 

             19           12551             864               0 

             29           12551             865               0 

             25           12551             866               0 

             29           12551             867               0 

             17           12551             868               0 

             31           12551             869               0 

             33           12551             870               0 

             15           12551             871               0 

             31           12551             872               0 

             31           12551             873               0 

             31           12551             874               0 

             23           12551             875               0 

             27           12551             876               0 

             13           12551             877               0 

             35           12551             878               0 

             29           12551             879               0 

             23           12551             880               0 

             29           12551             881               0 

             29           12551             882               0 

             21           12551             883               0 

             27           12551             884               0 

             13           12551             885               0 

             29           12551             886               0 

             27           12551             887               0 

             23           12551             888               0 

             15           12551             889               0 

             41           12551             890               0 

             17           12551             891               0 

             21           12551             892               0 

             31           12551             893               0 

             17           12551             894               0 

             27           12551             895               0 

             33           12551             896               0 

             13           12551             897               0 

             23           12551             898               0 

             33           12551             899               0 

             37           12551             900               0 

             25           12551             901               0 

             27           12551             902               0 

             35           12551             903               0 

             21           12551             904               0 

             25           12551             905               0 

             27           12551             906               0 

             41           12551             907               0 

             33           12551             908               0 

             33           12551             909               0 

             29           12551             910               0 

             19           12551             911               0 

             27           12551             912               0 

             31           12551             913               0 

             31           12551             914               0 

             43           12551             915               0 

             33           12551             916               0 

             19           12551             917               0 

             19           12551             918               0 

             17           12551             919               0 

             23           12551             920               0 

             31           12551             921               0 

             31           12551             922               0 

             21           12551             923               0 

             27           12551             924               0 

             27           12551             925               0 

             35           12551             926               0 

             21           12551             927               0 

             41           12551             928               0 

             33           12551             929               0 

             19           12551             930               0 

             35           12551             931               0 

             29           12551             932               0 

             19           12551             933               0 

             21           12551             934               0 

             31           12551             935               0 

             23           12551             936               0 

             35           12551             937               0 

             27           12551             938               0 

             31           12551             939               0 

             23           12551             940               0 

             19           12551             941               0 

             31           12551             942               0 

             21           12551             943               0 

             17           12551             944               0 

             27           12551             945               0 

             31           12551             946               0 

             27           12551             947               0 

             33           12551             948               0 

             31           12551             949               0 

             19           12551             950               0 

             35           12551             951               0 

             37           12551             952               0 

             37           12551             953               0 

             39           12551             954               0 

             39           12551             955               0 

             27           12551             956               0 

             35           12551             957               0 

             13           12551             958               0 

             29           12551             959               0 

             29           12551             960               0 

             33           12551             961               0 

             23           12551             962               0 

             37           12551             963               0 

             31           12551             964               0 

             23           12551             965               0 

             23           12551             966               0 

             35           12551             967               0 

             31           12551             968               0 

             21           12551             969               0 

             17           12551             970               0 

             21           12551             971               0 

             35           12551             972               0 

             19           12551             973               0 

             29           12551             974               0 

             19           12551             975               0 

             35           12551             976               0 

             37           12551             977               0 

             25           12551             978               0 

             23           12551             979               0 

             35           12551             980               0 

             25           12551             981               0 

             17           12551             982               0 

             25           12551             983               0 

             31           12551             984               0 

             33           12551             985               0 

             25           12551             986               0 

             27           12551             987               0 

             13           12551             988               0 

             27           12551             989               0 

             19           12551             990               0 

             17           12551             991               0 

             37           12551             992               0 

             33           12551             993               0 

             27           12551             994               0 

             25           12551             995               0 

             31           12551             996               0 

             27           12551             997               0 

             35           12551             998               0 

             27           12551             999               0 

             25           12551            1000               0 

             39           12551            1001               0 

             33           12551            1002               0 

             29           12551            1003               0 

             27           12551            1004               0 

             35           12551            1005               0 

             27           12551            1006               0 

             37           12551            1007               0 

             31           12551            1008               0 

             31           12551            1009               0 

             15           12551            1010               0 

             39           12551            1011               0 

             31           12551            1012               0 

             33           12551            1013               0 

             35           12551            1014               0 

             39           12551            1015               0 

             37           12551            1016               0 

             29           12551            1017               0 

             37           12551            1018               0 

             41           12551            1019               0 

             37           12551            1020               0 

             43           12551            1021               0 

             31           12551            1022               0 

             19           12551            1023               0 

             25           12551            1024               0 

             35           12551            1025               0 

             31           12551            1026               0 

             17           12551            1027               0 

             25           12551            1028               0 

             23           12551            1029               0 

             29           12551            1030               0 

             25           12551            1031               0 

             21           12551            1032               0 

             25           12551            1033               0 

             35           12551            1034               0 

             25           12551            1035               0 

             29           12551            1036               0 

             35           12551            1037               0 

             35           12551            1038               0 

             29           12551            1039               0 

             35           12551            1040               0 

             25           12551            1041               0 

             31           12551            1042               0 

             23           12551            1043               0 

             23           12551            1044               0 

             31           12551            1045               0 

             27           12551            1046               0 

             27           12551            1047               0 

             27           12551            1048               0 

             25           12551            1049               0 

             19           12551            1050               0 

             19           12551            1051               0 

             31           12551            1052               0 

             31           12551            1053               0 

             35           12551            1054               0 

             25           12551            1055               0 

             25           12551            1056               0 

             23           12551            1057               0 

             33           12551            1058               0 

             29           12551            1059               0 

             33           12551            1060               0 

             21           12551            1061               0 

             31           12551            1062               0 

             21           12551            1063               0 

             37           12551            1064               0 

             29           12551            1065               0 

             45           12551            1066               0 

             25           12551            1067               0 

             35           12551            1068               0 

             27           12551            1069               0 

             33           12551            1070               0 

             21           12551            1071               0 

             27           12551            1072               0 

             31           12551            1073               0 

             25           12551            1074               0 

             37           12551            1075               0 

             21           12551            1076               0 

             33           12551            1077               0 

             27           12551            1078               0 

             25           12551            1079               0 

             33           12551            1080               0 

