   BST_find |  BST_insert |     LSA_find |  LSA_insert | 

              1           14833               1               0 

              3           14833               2               0 

              3           14833               3               0 

              5           14833               4               0 

              5           14833               5               0 

              7           14833               6               0 

              7           14833               7               0 

              7           14833               8               0 

              9           14833               9               0 

              5           14833              10               0 

              5           14833              11               0 

              7           14833              12               0 

              7           14833              13               0 

              9           14833              14               0 

              9           14833              15               0 

              7           14833              16               0 

              9           14833              17               0 

             11           14833              18               0 

             11           14833              19               0 

              7           14833              20               0 

              9           14833              21               0 

              9           14833              22               0 

             11           14833              23               0 

              7           14833              24               0 

              9           14833              25               0 

             13           14833              26               0 

              9           14833              27               0 

             13           14833              28               0 

             11           14833              29               0 

             11           14833              30               0 

             11           14833              31               0 

             13           14833              32               0 

              9           14833              33               0 

             13           14833              34               0 

              9           14833              35               0 

             13           14833              36               0 

             11           14833              37               0 

             11           14833              38               0 

             15           14833              39               0 

             11           14833              40               0 

             11           14833              41               0 

             13           14833              42               0 

             11           14833              43               0 

             15           14833              44               0 

              9           14833              45               0 

             13           14833              46               0 

             11           14833              47               0 

             13           14833              48               0 

             15           14833              49               0 

             15           14833              50               0 

             17           14833              51               0 

             13           14833              52               0 

             13           14833              53               0 

             15           14833              54               0 

             17           14833              55               0 

             13           14833              56               0 

             11           14833              57               0 

             13           14833              58               0 

             15           14833              59               0 

             13           14833              60               0 

             19           14833              61               0 

             15           14833              62               0 

             13           14833              63               0 

             21           14833              64               0 

             13           14833              65               0 

             15           14833              66               0 

             13           14833              67               0 

             21           14833              68               0 

             17           14833              69               0 

             13           14833              70               0 

             17           14833              71               0 

             15           14833              72               0 

             19           14833              73               0 

             13           14833              74               0 

             15           14833              75               0 

             17           14833              76               0 

             19           14833              77               0 

             13           14833              78               0 

             17           14833              79               0 

             17           14833              80               0 

             13           14833              81               0 

             13           14833              82               0 

             15           14833              83               0 

             21           14833              84               0 

             15           14833              85               0 

              9           14833              86               0 

             23           14833              87               0 

             19           14833              88               0 

             19           14833              89               0 

             17           14833              90               0 

             21           14833              91               0 

             17           14833              92               0 

             15           14833              93               0 

              9           14833              94               0 

             21           14833              95               0 

             15           14833              96               0 

             15           14833              97               0 

             23           14833              98               0 

             23           14833              99               0 

             23           14833             100               0 

             21           14833             101               0 

             15           14833             102               0 

             21           14833             103               0 

             17           14833             104               0 

             25           14833             105               0 

              9           14833             106               0 

             15           14833             107               0 

             19           14833             108               0 

             15           14833             109               0 

             13           14833             110               0 

             17           14833             111               0 

             23           14833             112               0 

             15           14833             113               0 

              9           14833             114               0 

             11           14833             115               0 

             13           14833             116               0 

             11           14833             117               0 

             15           14833             118               0 

             23           14833             119               0 

             25           14833             120               0 

             21           14833             121               0 

             11           14833             122               0 

             19           14833             123               0 

             25           14833             124               0 

             13           14833             125               0 

             15           14833             126               0 

             17           14833             127               0 

             13           14833             128               0 

             15           14833             129               0 

             11           14833             130               0 

             21           14833             131               0 

             17           14833             132               0 

             27           14833             133               0 

             19           14833             134               0 

             11           14833             135               0 

             23           14833             136               0 

             19           14833             137               0 

             19           14833             138               0 

             25           14833             139               0 

             23           14833             140               0 

             17           14833             141               0 

             15           14833             142               0 

             15           14833             143               0 

             21           14833             144               0 

             21           14833             145               0 

             11           14833             146               0 

             13           14833             147               0 

             13           14833             148               0 

             15           14833             149               0 

             17           14833             150               0 

             11           14833             151               0 

             15           14833             152               0 

             17           14833             153               0 

             15           14833             154               0 

             19           14833             155               0 

             15           14833             156               0 

             17           14833             157               0 

             17           14833             158               0 

             15           14833             159               0 

             15           14833             160               0 

             11           14833             161               0 

             17           14833             162               0 

             25           14833             163               0 

             13           14833             164               0 

             17           14833             165               0 

             17           14833             166               0 

             21           14833             167               0 

             17           14833             168               0 

             23           14833             169               0 

             25           14833             170               0 

             11           14833             171               0 

             15           14833             172               0 

             13           14833             173               0 

             17           14833             174               0 

             25           14833             175               0 

             17           14833             176               0 

             13           14833             177               0 

             15           14833             178               0 

             23           14833             179               0 

             27           14833             180               0 

             29           14833             181               0 

             19           14833             182               0 

             15           14833             183               0 

             19           14833             184               0 

             15           14833             185               0 

             17           14833             186               0 

             23           14833             187               0 

             17           14833             188               0 

             29           14833             189               0 

             19           14833             190               0 

             11           14833             191               0 

             27           14833             192               0 

             15           14833             193               0 

             19           14833             194               0 

             15           14833             195               0 

             17           14833             196               0 

             23           14833             197               0 

             21           14833             198               0 

             15           14833             199               0 

             19           14833             200               0 

             17           14833             201               0 

             21           14833             202               0 

             25           14833             203               0 

             17           14833             204               0 

             19           14833             205               0 

             21           14833             206               0 

             27           14833             207               0 

             27           14833             208               0 

             13           14833             209               0 

             19           14833             210               0 

             17           14833             211               0 

             19           14833             212               0 

             15           14833             213               0 

             15           14833             214               0 

             25           14833             215               0 

             25           14833             216               0 

             25           14833             217               0 

             13           14833             218               0 

             21           14833             219               0 

             27           14833             220               0 

             15           14833             221               0 

             21           14833             222               0 

             29           14833             223               0 

             19           14833             224               0 

             21           14833             225               0 

             11           14833             226               0 

             23           14833             227               0 

             17           14833             228               0 

             19           14833             229               0 

             23           14833             230               0 

             19           14833             231               0 

             15           14833             232               0 

             17           14833             233               0 

             25           14833             234               0 

             17           14833             235               0 

             17           14833             236               0 

             19           14833             237               0 

             19           14833             238               0 

             19           14833             239               0 

             19           14833             240               0 

             13           14833             241               0 

             29           14833             242               0 

             21           14833             243               0 

             15           14833             244               0 

             31           14833             245               0 

             23           14833             246               0 

             21           14833             247               0 

             23           14833             248               0 

             19           14833             249               0 

             17           14833             250               0 

             21           14833             251               0 

             23           14833             252               0 

             19           14833             253               0 

             17           14833             254               0 

             19           14833             255               0 

             31           14833             256               0 

             21           14833             257               0 

             17           14833             258               0 

             19           14833             259               0 

             17           14833             260               0 

             15           14833             261               0 

             31           14833             262               0 

             15           14833             263               0 

             13           14833             264               0 

             19           14833             265               0 

             21           14833             266               0 

             21           14833             267               0 

             15           14833             268               0 

             17           14833             269               0 

             23           14833             270               0 

             27           14833             271               0 

             27           14833             272               0 

             19           14833             273               0 

             19           14833             274               0 

             23           14833             275               0 

             19           14833             276               0 

             17           14833             277               0 

             25           14833             278               0 

             23           14833             279               0 

             13           14833             280               0 

             21           14833             281               0 

             31           14833             282               0 

             17           14833             283               0 

             31           14833             284               0 

             21           14833             285               0 

             13           14833             286               0 

             21           14833             287               0 

             19           14833             288               0 

             21           14833             289               0 

             21           14833             290               0 

             21           14833             291               0 

             23           14833             292               0 

             17           14833             293               0 

             17           14833             294               0 

             11           14833             295               0 

             21           14833             296               0 

             17           14833             297               0 

             29           14833             298               0 

             15           14833             299               0 

             23           14833             300               0 

             15           14833             301               0 

             23           14833             302               0 

             19           14833             303               0 

             17           14833             304               0 

             23           14833             305               0 

             19           14833             306               0 

             17           14833             307               0 

             19           14833             308               0 

             33           14833             309               0 

             17           14833             310               0 

             21           14833             311               0 

             25           14833             312               0 

             13           14833             313               0 

             19           14833             314               0 

             19           14833             315               0 

             21           14833             316               0 

             19           14833             317               0 

             15           14833             318               0 

             15           14833             319               0 

             19           14833             320               0 

             25           14833             321               0 

             17           14833             322               0 

             27           14833             323               0 

             19           14833             324               0 

             25           14833             325               0 

             13           14833             326               0 

             19           14833             327               0 

             31           14833             328               0 

             17           14833             329               0 

             11           14833             330               0 

             19           14833             331               0 

             27           14833             332               0 

             21           14833             333               0 

             23           14833             334               0 

             27           14833             335               0 

             21           14833             336               0 

             19           14833             337               0 

             25           14833             338               0 

             17           14833             339               0 

             19           14833             340               0 

             23           14833             341               0 

             23           14833             342               0 

             23           14833             343               0 

             17           14833             344               0 

             17           14833             345               0 

             25           14833             346               0 

             23           14833             347               0 

             33           14833             348               0 

             15           14833             349               0 

             35           14833             350               0 

             23           14833             351               0 

             19           14833             352               0 

             25           14833             353               0 

             25           14833             354               0 

             19           14833             355               0 

             23           14833             356               0 

             25           14833             357               0 

             27           14833             358               0 

             21           14833             359               0 

             29           14833             360               0 

             17           14833             361               0 

             19           14833             362               0 

             21           14833             363               0 

             19           14833             364               0 

             19           14833             365               0 

             15           14833             366               0 

             21           14833             367               0 

             21           14833             368               0 

             23           14833             369               0 

             15           14833             370               0 

             17           14833             371               0 

             23           14833             372               0 

             21           14833             373               0 

             25           14833             374               0 

             19           14833             375               0 

             17           14833             376               0 

             29           14833             377               0 

             19           14833             378               0 

             23           14833             379               0 

             21           14833             380               0 

             21           14833             381               0 

             29           14833             382               0 

             21           14833             383               0 

             29           14833             384               0 

             27           14833             385               0 

             17           14833             386               0 

             31           14833             387               0 

             17           14833             388               0 

             31           14833             389               0 

             25           14833             390               0 

             17           14833             391               0 

             23           14833             392               0 

             21           14833             393               0 

             29           14833             394               0 

             25           14833             395               0 

             19           14833             396               0 

             31           14833             397               0 

             21           14833             398               0 

             15           14833             399               0 

             33           14833             400               0 

             21           14833             401               0 

             23           14833             402               0 

             23           14833             403               0 

             21           14833             404               0 

             19           14833             405               0 

             19           14833             406               0 

             25           14833             407               0 

             19           14833             408               0 

             19           14833             409               0 

             21           14833             410               0 

             25           14833             411               0 

             27           14833             412               0 

             33           14833             413               0 

             17           14833             414               0 

             25           14833             415               0 

             15           14833             416               0 

             19           14833             417               0 

             25           14833             418               0 

             21           14833             419               0 

             31           14833             420               0 

             27           14833             421               0 

             29           14833             422               0 

             25           14833             423               0 

             13           14833             424               0 

             21           14833             425               0 

             17           14833             426               0 

             21           14833             427               0 

             13           14833             428               0 

             23           14833             429               0 

             17           14833             430               0 

             27           14833             431               0 

             25           14833             432               0 

             23           14833             433               0 

             21           14833             434               0 

             19           14833             435               0 

             15           14833             436               0 

             23           14833             437               0 

             19           14833             438               0 

             23           14833             439               0 

             35           14833             440               0 

             17           14833             441               0 

             21           14833             442               0 

             21           14833             443               0 

             33           14833             444               0 

             23           14833             445               0 

             21           14833             446               0 

             17           14833             447               0 

             27           14833             448               0 

             17           14833             449               0 

             25           14833             450               0 

             29           14833             451               0 

             29           14833             452               0 

             21           14833             453               0 

             17           14833             454               0 

             29           14833             455               0 

             27           14833             456               0 

             33           14833             457               0 

             19           14833             458               0 

             13           14833             459               0 

             25           14833             460               0 

             21           14833             461               0 

             23           14833             462               0 

             25           14833             463               0 

             19           14833             464               0 

             15           14833             465               0 

             27           14833             466               0 

             19           14833             467               0 

             21           14833             468               0 

             19           14833             469               0 

             15           14833             470               0 

             29           14833             471               0 

             25           14833             472               0 

             29           14833             473               0 

             21           14833             474               0 

             27           14833             475               0 

             13           14833             476               0 

             31           14833             477               0 

             27           14833             478               0 

             25           14833             479               0 

             23           14833             480               0 

             13           14833             481               0 

             25           14833             482               0 

             27           14833             483               0 

             29           14833             484               0 

             19           14833             485               0 

             25           14833             486               0 

             31           14833             487               0 

             23           14833             488               0 

             17           14833             489               0 

             17           14833             490               0 

             21           14833             491               0 

             23           14833             492               0 

             19           14833             493               0 

             13           14833             494               0 

             17           14833             495               0 

             19           14833             496               0 

             27           14833             497               0 

             29           14833             498               0 

             21           14833             499               0 

             19           14833             500               0 

             13           14833             501               0 

             27           14833             502               0 

             23           14833             503               0 

             37           14833             504               0 

             19           14833             505               0 

             21           14833             506               0 

             21           14833             507               0 

             17           14833             508               0 

             25           14833             509               0 

             33           14833             510               0 

             35           14833             511               0 

             27           14833             512               0 

             25           14833             513               0 

             31           14833             514               0 

             25           14833             515               0 

             35           14833             516               0 

             23           14833             517               0 

             29           14833             518               0 

             17           14833             519               0 

             27           14833             520               0 

             31           14833             521               0 

             31           14833             522               0 

             23           14833             523               0 

             33           14833             524               0 

             23           14833             525               0 

             21           14833             526               0 

             21           14833             527               0 

             17           14833             528               0 

             39           14833             529               0 

             25           14833             530               0 

             19           14833             531               0 

             23           14833             532               0 

             17           14833             533               0 

             29           14833             534               0 

             19           14833             535               0 

             31           14833             536               0 

             21           14833             537               0 

             25           14833             538               0 

             21           14833             539               0 

             27           14833             540               0 

             11           14833             541               0 

             19           14833             542               0 

             17           14833             543               0 

             31           14833             544               0 

             23           14833             545               0 

             19           14833             546               0 

             11           14833             547               0 

             29           14833             548               0 

             23           14833             549               0 

             35           14833             550               0 

             17           14833             551               0 

             23           14833             552               0 

             27           14833             553               0 

             19           14833             554               0 

             23           14833             555               0 

             25           14833             556               0 

             21           14833             557               0 

             19           14833             558               0 

             23           14833             559               0 

             25           14833             560               0 

             21           14833             561               0 

             31           14833             562               0 

             19           14833             563               0 

             27           14833             564               0 

             21           14833             565               0 

             31           14833             566               0 

             21           14833             567               0 

             19           14833             568               0 

             23           14833             569               0 

             19           14833             570               0 

             15           14833             571               0 

             35           14833             572               0 

             29           14833             573               0 

             27           14833             574               0 

             25           14833             575               0 

             19           14833             576               0 

             23           14833             577               0 

             17           14833             578               0 

             25           14833             579               0 

             19           14833             580               0 

             19           14833             581               0 

             29           14833             582               0 

             33           14833             583               0 

             19           14833             584               0 

             23           14833             585               0 

             29           14833             586               0 

             19           14833             587               0 

             21           14833             588               0 

             17           14833             589               0 

             17           14833             590               0 

             25           14833             591               0 

             35           14833             592               0 

             27           14833             593               0 

             21           14833             594               0 

             13           14833             595               0 

             31           14833             596               0 

             21           14833             597               0 

             21           14833             598               0 

             15           14833             599               0 

             21           14833             600               0 

             19           14833             601               0 

             17           14833             602               0 

             19           14833             603               0 

             25           14833             604               0 

             21           14833             605               0 

             23           14833             606               0 

             19           14833             607               0 

             21           14833             608               0 

             17           14833             609               0 

             23           14833             610               0 

             21           14833             611               0 

             17           14833             612               0 

             27           14833             613               0 

             19           14833             614               0 

             27           14833             615               0 

             25           14833             616               0 

             23           14833             617               0 

             23           14833             618               0 

             15           14833             619               0 

             27           14833             620               0 

             29           14833             621               0 

             19           14833             622               0 

             27           14833             623               0 

             27           14833             624               0 

             31           14833             625               0 

             31           14833             626               0 

             23           14833             627               0 

             27           14833             628               0 

             25           14833             629               0 

             27           14833             630               0 

             21           14833             631               0 

             23           14833             632               0 

             33           14833             633               0 

             23           14833             634               0 

             23           14833             635               0 

             33           14833             636               0 

             29           14833             637               0 

             25           14833             638               0 

             21           14833             639               0 

             23           14833             640               0 

             23           14833             641               0 

             25           14833             642               0 

             21           14833             643               0 

             37           14833             644               0 

             25           14833             645               0 

             23           14833             646               0 

             25           14833             647               0 

             23           14833             648               0 

             25           14833             649               0 

             17           14833             650               0 

             27           14833             651               0 

             25           14833             652               0 

             21           14833             653               0 

             25           14833             654               0 

             29           14833             655               0 

             27           14833             656               0 

             27           14833             657               0 

             21           14833             658               0 

             23           14833             659               0 

             21           14833             660               0 

             21           14833             661               0 

             19           14833             662               0 

             19           14833             663               0 

             31           14833             664               0 

             23           14833             665               0 

             25           14833             666               0 

             27           14833             667               0 

             19           14833             668               0 

             37           14833             669               0 

             25           14833             670               0 

             21           14833             671               0 

             19           14833             672               0 

             31           14833             673               0 

             33           14833             674               0 

             21           14833             675               0 

             21           14833             676               0 

             19           14833             677               0 

             17           14833             678               0 

             19           14833             679               0 

             29           14833             680               0 

             21           14833             681               0 

             29           14833             682               0 

             23           14833             683               0 

             29           14833             684               0 

             37           14833             685               0 

             15           14833             686               0 

             33           14833             687               0 

             25           14833             688               0 

             19           14833             689               0 

             23           14833             690               0 

             19           14833             691               0 

             23           14833             692               0 

             29           14833             693               0 

             35           14833             694               0 

             31           14833             695               0 

             21           14833             696               0 

             19           14833             697               0 

             17           14833             698               0 

             13           14833             699               0 

             21           14833             700               0 

             17           14833             701               0 

             33           14833             702               0 

             19           14833             703               0 

             25           14833             704               0 

             17           14833             705               0 

             23           14833             706               0 

             25           14833             707               0 

             23           14833             708               0 

             29           14833             709               0 

             39           14833             710               0 

             13           14833             711               0 

             27           14833             712               0 

             37           14833             713               0 

             21           14833             714               0 

             15           14833             715               0 

             33           14833             716               0 

             29           14833             717               0 

             31           14833             718               0 

             21           14833             719               0 

             23           14833             720               0 

             25           14833             721               0 

             17           14833             722               0 

             21           14833             723               0 

             27           14833             724               0 

             17           14833             725               0 

             35           14833             726               0 

             33           14833             727               0 

             25           14833             728               0 

             25           14833             729               0 

             13           14833             730               0 

             33           14833             731               0 

             25           14833             732               0 

             29           14833             733               0 

             19           14833             734               0 

             27           14833             735               0 

             13           14833             736               0 

             21           14833             737               0 

             23           14833             738               0 

             19           14833             739               0 

             15           14833             740               0 

             23           14833             741               0 

             27           14833             742               0 

             21           14833             743               0 

             27           14833             744               0 

             19           14833             745               0 

             23           14833             746               0 

             19           14833             747               0 

             13           14833             748               0 

             25           14833             749               0 

             23           14833             750               0 

             33           14833             751               0 

             21           14833             752               0 

             31           14833             753               0 

             25           14833             754               0 

             25           14833             755               0 

             25           14833             756               0 

             23           14833             757               0 

             21           14833             758               0 

             21           14833             759               0 

             27           14833             760               0 

             21           14833             761               0 

             23           14833             762               0 

             23           14833             763               0 

             33           14833             764               0 

             21           14833             765               0 

             27           14833             766               0 

             27           14833             767               0 

             23           14833             768               0 

             27           14833             769               0 

             21           14833             770               0 

             21           14833             771               0 

             23           14833             772               0 

             21           14833             773               0 

             35           14833             774               0 

             23           14833             775               0 

             21           14833             776               0 

             31           14833             777               0 

             21           14833             778               0 

             19           14833             779               0 

             13           14833             780               0 

             23           14833             781               0 

             25           14833             782               0 

             17           14833             783               0 

             23           14833             784               0 

             29           14833             785               0 

             13           14833             786               0 

             35           14833             787               0 

             23           14833             788               0 

             29           14833             789               0 

             31           14833             790               0 

             17           14833             791               0 

             19           14833             792               0 

             21           14833             793               0 

             25           14833             794               0 

             25           14833             795               0 

             19           14833             796               0 

             27           14833             797               0 

             25           14833             798               0 

             23           14833             799               0 

             31           14833             800               0 

             25           14833             801               0 

             29           14833             802               0 

             29           14833             803               0 

             21           14833             804               0 

             29           14833             805               0 

             17           14833             806               0 

             33           14833             807               0 

             23           14833             808               0 

             21           14833             809               0 

             33           14833             810               0 

             23           14833             811               0 

             21           14833             812               0 

             33           14833             813               0 

             37           14833             814               0 

             25           14833             815               0 

             23           14833             816               0 

             23           14833             817               0 

             17           14833             818               0 

             31           14833             819               0 

             33           14833             820               0 

             15           14833             821               0 

             19           14833             822               0 

             35           14833             823               0 

             35           14833             824               0 

             27           14833             825               0 

             29           14833             826               0 

             35           14833             827               0 

             19           14833             828               0 

             35           14833             829               0 

             19           14833             830               0 

             15           14833             831               0 

             23           14833             832               0 

             17           14833             833               0 

             27           14833             834               0 

             25           14833             835               0 

             25           14833             836               0 

             23           14833             837               0 

             17           14833             838               0 

             25           14833             839               0 

             25           14833             840               0 

              9           14833             841               0 

             29           14833             842               0 

             35           14833             843               0 

             23           14833             844               0 

             23           14833             845               0 

             27           14833             846               0 

             19           14833             847               0 

             27           14833             848               0 

             23           14833             849               0 

             27           14833             850               0 

             25           14833             851               0 

             19           14833             852               0 

             19           14833             853               0 

             29           14833             854               0 

             27           14833             855               0 

             27           14833             856               0 

             25           14833             857               0 

             17           14833             858               0 

             17           14833             859               0 

             37           14833             860               0 

             29           14833             861               0 

             15           14833             862               0 

             25           14833             863               0 

             21           14833             864               0 

             19           14833             865               0 

             21           14833             866               0 

             27           14833             867               0 

             27           14833             868               0 

             19           14833             869               0 

             23           14833             870               0 

             19           14833             871               0 

             23           14833             872               0 

             17           14833             873               0 

             31           14833             874               0 

             23           14833             875               0 

             21           14833             876               0 

             29           14833             877               0 

             23           14833             878               0 

             37           14833             879               0 

             25           14833             880               0 

             25           14833             881               0 

             23           14833             882               0 

             33           14833             883               0 

             29           14833             884               0 

             35           14833             885               0 

             19           14833             886               0 

             19           14833             887               0 

             21           14833             888               0 

             19           14833             889               0 

             27           14833             890               0 

             25           14833             891               0 

             15           14833             892               0 

             21           14833             893               0 

             19           14833             894               0 

             21           14833             895               0 

             21           14833             896               0 

             25           14833             897               0 

             37           14833             898               0 

             31           14833             899               0 

             21           14833             900               0 

             27           14833             901               0 

             39           14833             902               0 

             15           14833             903               0 

             31           14833             904               0 

             19           14833             905               0 

             31           14833             906               0 

             25           14833             907               0 

             21           14833             908               0 

             27           14833             909               0 

             27           14833             910               0 

             27           14833             911               0 

             21           14833             912               0 

             29           14833             913               0 

             21           14833             914               0 

             25           14833             915               0 

             31           14833             916               0 

             27           14833             917               0 

             19           14833             918               0 

             41           14833             919               0 

             39           14833             920               0 

             21           14833             921               0 

             21           14833             922               0 

             29           14833             923               0 

             23           14833             924               0 

             19           14833             925               0 

             21           14833             926               0 

             27           14833             927               0 

             27           14833             928               0 

             37           14833             929               0 

             27           14833             930               0 

             23           14833             931               0 

             19           14833             932               0 

             29           14833             933               0 

             21           14833             934               0 

             31           14833             935               0 

             37           14833             936               0 

             23           14833             937               0 

             19           14833             938               0 

             19           14833             939               0 

             25           14833             940               0 

             37           14833             941               0 

             23           14833             942               0 

             21           14833             943               0 

             25           14833             944               0 

             25           14833             945               0 

             23           14833             946               0 

             23           14833             947               0 

             31           14833             948               0 

             29           14833             949               0 

             19           14833             950               0 

             27           14833             951               0 

             33           14833             952               0 

             21           14833             953               0 

             21           14833             954               0 

             15           14833             955               0 

             29           14833             956               0 

             25           14833             957               0 

             31           14833             958               0 

             27           14833             959               0 

             23           14833             960               0 

             27           14833             961               0 

             23           14833             962               0 

             29           14833             963               0 

             25           14833             964               0 

             25           14833             965               0 

             31           14833             966               0 

             27           14833             967               0 

             21           14833             968               0 

             19           14833             969               0 

             27           14833             970               0 

             37           14833             971               0 

             29           14833             972               0 

             23           14833             973               0 

             37           14833             974               0 

             21           14833             975               0 

             23           14833             976               0 

             25           14833             977               0 

             17           14833             978               0 

             33           14833             979               0 

             31           14833             980               0 

             25           14833             981               0 

             21           14833             982               0 

             33           14833             983               0 

             31           14833             984               0 

             21           14833             985               0 

             29           14833             986               0 

             33           14833             987               0 

             27           14833             988               0 

             23           14833             989               0 

             19           14833             990               0 

             29           14833             991               0 

             29           14833             992               0 

             21           14833             993               0 

             15           14833             994               0 

             31           14833             995               0 

             27           14833             996               0 

             31           14833             997               0 

             27           14833             998               0 

             25           14833             999               0 

             21           14833            1000               0 

             21           14833            1001               0 

             17           14833            1002               0 

             29           14833            1003               0 

             39           14833            1004               0 

             33           14833            1005               0 

             21           14833            1006               0 

             35           14833            1007               0 

             21           14833            1008               0 

             23           14833            1009               0 

             25           14833            1010               0 

             37           14833            1011               0 

             25           14833            1012               0 

             23           14833            1013               0 

             29           14833            1014               0 

             23           14833            1015               0 

             35           14833            1016               0 

             35           14833            1017               0 

             23           14833            1018               0 

             27           14833            1019               0 

             21           14833            1020               0 

             33           14833            1021               0 

             31           14833            1022               0 

             25           14833            1023               0 

             29           14833            1024               0 

             33           14833            1025               0 

             23           14833            1026               0 

             31           14833            1027               0 

             31           14833            1028               0 

             21           14833            1029               0 

             27           14833            1030               0 

             25           14833            1031               0 

             31           14833            1032               0 

             31           14833            1033               0 

             33           14833            1034               0 

             23           14833            1035               0 

             39           14833            1036               0 

             21           14833            1037               0 

             33           14833            1038               0 

             29           14833            1039               0 

             27           14833            1040               0 

             39           14833            1041               0 

             25           14833            1042               0 

             21           14833            1043               0 

             31           14833            1044               0 

             23           14833            1045               0 

             21           14833            1046               0 

             25           14833            1047               0 

             23           14833            1048               0 

             19           14833            1049               0 

             27           14833            1050               0 

             19           14833            1051               0 

             23           14833            1052               0 

             31           14833            1053               0 

             27           14833            1054               0 

             35           14833            1055               0 

             33           14833            1056               0 

             27           14833            1057               0 

             33           14833            1058               0 

             25           14833            1059               0 

             27           14833            1060               0 

             21           14833            1061               0 

             21           14833            1062               0 

             27           14833            1063               0 

             27           14833            1064               0 

             33           14833            1065               0 

             27           14833            1066               0 

             23           14833            1067               0 

             31           14833            1068               0 

             27           14833            1069               0 

             23           14833            1070               0 

             33           14833            1071               0 

             31           14833            1072               0 

             21           14833            1073               0 

             23           14833            1074               0 

             13           14833            1075               0 

             29           14833            1076               0 

             37           14833            1077               0 

             15           14833            1078               0 

             27           14833            1079               0 

             25           14833            1080               0 

             23           14833            1081               0 

             23           14833            1082               0 

             33           14833            1083               0 

             29           14833            1084               0 

             23           14833            1085               0 

             29           14833            1086               0 

             25           14833            1087               0 

             29           14833            1088               0 

             23           14833            1089               0 

             23           14833            1090               0 

             35           14833            1091               0 

             39           14833            1092               0 

             21           14833            1093               0 

             23           14833            1094               0 

             27           14833            1095               0 

             33           14833            1096               0 

             33           14833            1097               0 

             33           14833            1098               0 

             35           14833            1099               0 

             15           14833            1100               0 

             25           14833            1101               0 

             29           14833            1102               0 

             21           14833            1103               0 

             19           14833            1104               0 

             19           14833            1105               0 

             23           14833            1106               0 

             25           14833            1107               0 

             15           14833            1108               0 

             33           14833            1109               0 

             21           14833            1110               0 

             25           14833            1111               0 

             25           14833            1112               0 

             19           14833            1113               0 

             17           14833            1114               0 

             21           14833            1115               0 

             23           14833            1116               0 

             35           14833            1117               0 

             23           14833            1118               0 

             19           14833            1119               0 

             33           14833            1120               0 

             23           14833            1121               0 

             27           14833            1122               0 

             21           14833            1123               0 

             31           14833            1124               0 

             25           14833            1125               0 

             37           14833            1126               0 

             19           14833            1127               0 

             23           14833            1128               0 

             27           14833            1129               0 

             19           14833            1130               0 

             19           14833            1131               0 

             21           14833            1132               0 

             17           14833            1133               0 

             23           14833            1134               0 

             25           14833            1135               0 

             17           14833            1136               0 

             25           14833            1137               0 

             15           14833            1138               0 

             19           14833            1139               0 

             29           14833            1140               0 

             25           14833            1141               0 

             27           14833            1142               0 

             21           14833            1143               0 

             25           14833            1144               0 

             25           14833            1145               0 

             21           14833            1146               0 

             33           14833            1147               0 

             25           14833            1148               0 

             33           14833            1149               0 

             23           14833            1150               0 

             31           14833            1151               0 

             25           14833            1152               0 

             29           14833            1153               0 

             41           14833            1154               0 

             31           14833            1155               0 

             23           14833            1156               0 

             25           14833            1157               0 

             35           14833            1158               0 

             21           14833            1159               0 

             25           14833            1160               0 

             17           14833            1161               0 

             27           14833            1162               0 

             29           14833            1163               0 

             29           14833            1164               0 

             21           14833            1165               0 

             31           14833            1166               0 

             35           14833            1167               0 

             19           14833            1168               0 

             19           14833            1169               0 

             15           14833            1170               0 

             33           14833            1171               0 

             25           14833            1172               0 

             33           14833            1173               0 

             21           14833            1174               0 

             17           14833            1175               0 

             29           14833            1176               0 

             29           14833            1177               0 

             25           14833            1178               0 

             21           14833            1179               0 

             19           14833            1180               0 

             29           14833            1181               0 

             19           14833            1182               0 

             37           14833            1183               0 

             37           14833            1184               0 

             21           14833            1185               0 

             27           14833            1186               0 

             27           14833            1187               0 

             21           14833            1188               0 

             31           14833            1189               0 

             31           14833            1190               0 

             27           14833            1191               0 

             15           14833            1192               0 

             29           14833            1193               0 

             23           14833            1194               0 

             25           14833            1195               0 

             31           14833            1196               0 

             23           14833            1197               0 

             15           14833            1198               0 

             27           14833            1199               0 

             25           14833            1200               0 

             21           14833            1201               0 

             23           14833            1202               0 

             29           14833            1203               0 

             39           14833            1204               0 

             41           14833            1205               0 

             31           14833            1206               0 

             29           14833            1207               0 

             21           14833            1208               0 

             29           14833            1209               0 

             29           14833            1210               0 

             27           14833            1211               0 

             27           14833            1212               0 

             23           14833            1213               0 

             27           14833            1214               0 

             31           14833            1215               0 

             27           14833            1216               0 

             23           14833            1217               0 

             19           14833            1218               0 

             19           14833            1219               0 

             25           14833            1220               0 

             25           14833            1221               0 

             27           14833            1222               0 

             21           14833            1223               0 

             29           14833            1224               0 

             23           14833            1225               0 

             29           14833            1226               0 

             25           14833            1227               0 

             33           14833            1228               0 

             27           14833            1229               0 

             29           14833            1230               0 

             29           14833            1231               0 

             39           14833            1232               0 

             35           14833            1233               0 

             31           14833            1234               0 

             33           14833            1235               0 

             21           14833            1236               0 

             29           14833            1237               0 

             17           14833            1238               0 

             31           14833            1239               0 

             37           14833            1240               0 

             27           14833            1241               0 

             23           14833            1242               0 

             43           14833            1243               0 

             23           14833            1244               0 

             39           14833            1245               0 

             21           14833            1246               0 

             29           14833            1247               0 

             33           14833            1248               0 

             33           14833            1249               0 

             29           14833            1250               0 

             21           14833            1251               0 

             25           14833            1252               0 

             21           14833            1253               0 

             31           14833            1254               0 

             41           14833            1255               0 

             27           14833            1256               0 

             25           14833            1257               0 

             23           14833            1258               0 

             17           14833            1259               0 

             23           14833            1260               0 

             31           14833            1261               0 

             35           14833            1262               0 

             33           14833            1263               0 

             25           14833            1264               0 

             31           14833            1265               0 

             21           14833            1266               0 

             31           14833            1267               0 

             27           14833            1268               0 

             29           14833            1269               0 

             35           14833            1270               0 

             21           14833            1271               0 

             15           14833            1272               0 

             17           14833            1273               0 

             25           14833            1274               0 

             29           14833            1275               0 

             23           14833            1276               0 

             37           14833            1277               0 

             35           14833            1278               0 

             23           14833            1279               0 

             29           14833            1280               0 

             39           14833            1281               0 

             23           14833            1282               0 

             31           14833            1283               0 

             23           14833            1284               0 

             31           14833            1285               0 

             27           14833            1286               0 

             25           14833            1287               0 

             31           14833            1288               0 

             25           14833            1289               0 

             33           14833            1290               0 

             37           14833            1291               0 

             21           14833            1292               0 

             19           14833            1293               0 

             39           14833            1294               0 

             27           14833            1295               0 

             27           14833            1296               0 

             25           14833            1297               0 

             25           14833            1298               0 

             23           14833            1299               0 

             19           14833            1300               0 

             21           14833            1301               0 

             29           14833            1302               0 

             27           14833            1303               0 

             21           14833            1304               0 

             35           14833            1305               0 

             27           14833            1306               0 

             23           14833            1307               0 

             29           14833            1308               0 

             37           14833            1309               0 

             23           14833            1310               0 

             31           14833            1311               0 

             35           14833            1312               0 

             23           14833            1313               0 

             27           14833            1314               0 

             17           14833            1315               0 

             39           14833            1316               0 

             33           14833            1317               0 

             33           14833            1318               0 

             35           14833            1319               0 

             27           14833            1320               0 

             21           14833            1321               0 

             17           14833            1322               0 

             31           14833            1323               0 

             17           14833            1324               0 

             27           14833            1325               0 

             33           14833            1326               0 

             43           14833            1327               0 

             19           14833            1328               0 

             31           14833            1329               0 

             19           14833            1330               0 

             25           14833            1331               0 

             21           14833            1332               0 

             27           14833            1333               0 

             29           14833            1334               0 

             33           14833            1335               0 

             31           14833            1336               0 

             33           14833            1337               0 

             21           14833            1338               0 

             29           14833            1339               0 

             23           14833            1340               0 

             21           14833            1341               0 

             37           14833            1342               0 

             15           14833            1343               0 

             31           14833            1344               0 

             25           14833            1345               0 

             29           14833            1346               0 

             25           14833            1347               0 

             27           14833            1348               0 

             31           14833            1349               0 

             25           14833            1350               0 

